,model,lesion,Early Stop,Fusion,#TP @[ IoBB=0.50      | area=   all | maxDets= 30 ],#FP @[ IoBB=0.50      | area=   all | maxDets= 30 ],#FN @[ IoBB=0.50      | area=   all | maxDets= 30 ],Sensitivity@ [avgFP=0.5],Sensitivity@ [avgFP=1],Sensitivity@ [avgFP=2],Sensitivity@ [avgFP=4],"mFROC@[0.5,1,2,4]", Average Precision  (AP) @[ IoBB=0.50      | area=   all | maxDets= 10 ], Average Recall     (AR) @[ IoBB=0.50      | area=   all | maxDets= 10 ], Average Precision  (AP) @[ IoBB=0.50:0.95 | area=   all | maxDets= 30 ], Average Precision  (AP) @[ IoBB=0.50:0.95 | area=   all | maxDets=  1 ], Average Precision  (AP) @[ IoBB=0.50:0.95 | area=   all | maxDets=  5 ], Average Precision  (AP) @[ IoBB=0.50:0.95 | area=   all | maxDets= 10 ], Average Precision  (AP) @[ IoBB=0.50      | area=   all | maxDets= 30 ], Average Precision  (AP) @[ IoBB=0.75      | area=   all | maxDets= 10 ], Average Recall     (AR) @[ IoBB=0.50      | area=   all | maxDets= 30 ], Average Recall     (AR) @[ IoBB=0.50:0.95 | area=   all | maxDets=  1 ], Average Recall     (AR) @[ IoBB=0.50:0.95 | area=   all | maxDets=  5 ], Average Recall     (AR) @[ IoBB=0.50:0.95 | area=   all | maxDets= 10 ], Average Recall     (AR) @[ IoBB=0.50:0.95 | area=   all | maxDets= 30 ]
0,baseline_mobilenet,Pulmonary edema,FROC,,31,692,11,0.4107142857142857,0.7559523809523809,0.9285714285714286,1.0,0.7738095238095237,0.12916984063863432,0.7380952380952381,0.0724775699569809,0.03290060144898489,0.06728625980546286,0.0719107871130129,0.12860071018699823,0.07510302631393843,0.7380952380952381,0.15476190476190474,0.4238095238095238,0.530952380952381,0.5595238095238095
0,baseline_mobilenet,Enlarged cardiac silhouette,FROC,,33,191,27,0.5375000000000001,0.7864583333333334,0.8666666666666667,0.95,0.78515625,0.29085655510762526,0.55,0.2050455577227804,0.17884346839235038,0.2025611734333429,0.2050490760512019,0.29085655510762526,0.23750691070593274,0.55,0.3566666666666667,0.45666666666666667,0.475,0.475
0,baseline_mobilenet,Consolidation,FROC,,29,316,26,0.6593939393939394,0.8255892255892257,0.8478468899521531,0.9090909090909092,0.8104802410065568,0.19056497398023575,0.5272727272727272,0.09408860404009184,0.044085854398247706,0.08482950165292748,0.09288005009389053,0.19030077727574732,0.07187579922636815,0.5272727272727272,0.11454545454545453,0.2981818181818182,0.3836363636363636,0.40181818181818185
0,baseline_mobilenet,Atelectasis,FROC,,29,147,30,0.5992736077481841,0.6841807909604519,0.7502354048964218,0.8728813559322034,0.7266427898843153,0.21252235014858953,0.4915254237288136,0.11696033803395856,0.08747947486102316,0.11569269182209944,0.11698564820292526,0.21246190370425838,0.09473346500337942,0.4915254237288136,0.188135593220339,0.32542372881355935,0.3389830508474576,0.3389830508474576
0,baseline_mobilenet,Pleural abnormality,FROC,,2,5,53,0.346524064171123,0.5537190082644627,0.6745684695051783,0.8134993773349938,0.5970777298189395,0.029702970297029698,0.03636363636363636,0.010891089108910889,0.012541254125412541,0.010891089108910889,0.010891089108910889,0.029702970297029698,0.0049504950495049506,0.03636363636363636,0.01818181818181818,0.01818181818181818,0.01818181818181818,0.01818181818181818
0,baseline_mobilenet,all,FROC,,121,1362,150,0.5172790887572741,0.7201701827624337,0.808106028262148,0.9049537481676186,0.7376272619873685,0.18008723686712322,0.4574128696162595,0.10537578197238802,0.07683797277664657,0.10121721851340165,0.10467957063754674,0.17990948729536632,0.09935606380297186,0.4574128696162595,0.16352395626971897,0.3004728153202729,0.33795957150194433,0.3554054589478317
0,with_clinical_mobilenet_1D_3D,Pulmonary edema,FROC,1D+3D,30,501,12,0.4702380952380952,0.7619047619047619,0.891941391941392,0.9545855379188712,0.76966744675078,0.1365517392761331,0.6904761904761905,0.07681300758769562,0.037260028328414234,0.0714970395284573,0.07469529002342713,0.13871363341612244,0.07670119720856597,0.7142857142857143,0.15238095238095237,0.4309523809523809,0.5023809523809524,0.5309523809523808
0,with_clinical_mobilenet_1D_3D,Enlarged cardiac silhouette,FROC,1D+3D,32,205,28,0.5333333333333333,0.75,0.8662280701754386,0.9597756410256412,0.7773342611336032,0.296837643763814,0.5333333333333333,0.192520049037816,0.17158270521374022,0.19151682137184606,0.19253273638592538,0.2968137619786505,0.1804821563315473,0.5333333333333333,0.3,0.41500000000000004,0.425,0.425
0,with_clinical_mobilenet_1D_3D,Consolidation,FROC,1D+3D,27,228,28,0.6613636363636364,0.7636363636363637,0.8121212121212121,0.917379679144385,0.7886252228163994,0.174954231497573,0.4909090909090909,0.079944345099921,0.042638987312234554,0.07709623287690041,0.07970526369161146,0.174954231497573,0.05334713264846336,0.4909090909090909,0.12363636363636363,0.28909090909090907,0.3254545454545454,0.32909090909090905
0,with_clinical_mobilenet_1D_3D,Atelectasis,FROC,1D+3D,28,143,31,0.4152542372881356,0.576271186440678,0.7089050309389292,0.8327055869428751,0.6332840104026545,0.1525835944191407,0.4745762711864407,0.07891360726473834,0.05511479928320831,0.07462706812432955,0.07891360726473834,0.1525835944191407,0.052297007329060216,0.4745762711864407,0.16271186440677968,0.2847457627118644,0.31694915254237294,0.31694915254237294
0,with_clinical_mobilenet_1D_3D,Pleural abnormality,FROC,1D+3D,0,5,55,0.3682875264270613,0.5805377720870678,0.7214052879391525,0.8150633001931192,0.6213234716616002,0.0,0.0,0.0,0.0,0.0,0.0,0.0,0.0,0.0,0.0,0.0,0.0,0.0
0,with_clinical_mobilenet_1D_3D,all,FROC,1D+3D,115,1080,156,0.4903351068394405,0.6823969648147186,0.7955888450213345,0.8933325629052524,0.7154133698951866,0.1507492463341289,0.4313823464670922,0.0831518242253051,0.060228247085259486,0.08113999973558336,0.08258302881475672,0.1511575477583696,0.06820069168610009,0.43614425122899697,0.1458890600924499,0.283044390637611,0.3068940494533715,0.3168940494533715
0,with_clinical_mobilenet_3D,Pulmonary edema,FROC,3D,18,215,24,0.5333333333333334,0.6904761904761905,0.8095238095238095,0.9761904761904762,0.7523809523809524,0.0846516952032661,0.42857142857142855,0.05453465603932159,0.04225333059621751,0.05192634203992502,0.05453465603932159,0.0846516952032661,0.05615503946708034,0.42857142857142855,0.14285714285714285,0.28095238095238095,0.3261904761904762,0.3261904761904762
0,with_clinical_mobilenet_3D,Enlarged cardiac silhouette,FROC,3D,33,277,27,0.4833333333333333,0.7833333333333333,0.8479674796747968,0.9979381443298968,0.7781430726678401,0.2298006250409136,0.55,0.1529510090875615,0.13445623225686096,0.14974428424597122,0.15204749858055655,0.22974358179820412,0.1374361091656812,0.55,0.315,0.42833333333333334,0.45166666666666666,0.4616666666666666
0,with_clinical_mobilenet_3D,Consolidation,FROC,3D,30,266,25,0.6545454545454545,0.7454545454545455,0.8363636363636363,0.9140495867768594,0.7876033057851239,0.20597306357128875,0.5454545454545454,0.10364611511489032,0.04756570161798603,0.09783346414573357,0.10382943789056628,0.2058537157618038,0.09914410123939153,0.5454545454545454,0.13272727272727272,0.34363636363636363,0.4163636363636364,0.4163636363636364
0,with_clinical_mobilenet_3D,Atelectasis,FROC,3D,33,212,26,0.576271186440678,0.6710323574730355,0.8241525423728814,0.8813559322033898,0.7382030046224961,0.22159873528947543,0.559322033898305,0.12976176420192279,0.07001320496499777,0.12916447588379631,0.12985607604276841,0.22158982569432745,0.11701362503740964,0.559322033898305,0.1813559322033898,0.42542372881355933,0.4491525423728813,0.4491525423728813
0,with_clinical_mobilenet_3D,Pleural abnormality,FROC,3D,5,13,50,0.3792207792207792,0.5416553595658073,0.7572192513368985,0.8743801652892561,0.6381188888531852,0.03440594059405941,0.09090909090909091,0.012554612604117553,0.007953795379537954,0.012554612604117553,0.012554612604117553,0.03440594059405941,0.009900990099009901,0.09090909090909091,0.025454545454545452,0.04909090909090909,0.04909090909090909,0.04909090909090909
0,with_clinical_mobilenet_3D,all,FROC,3D,116,985,155,0.524934106483922,0.6877562873322085,0.8160520575793994,0.9270845941823992,0.7389567613944823,0.15831453091878253,0.4231763152102134,0.09104382531797664,0.06135375326480077,0.08956401458925872,0.0910713358505835,0.15828275020033775,0.08055594487673431,0.4231763152102134,0.15763614351749947,0.30828725511776356,0.33122613544647433,0.33155946877980774
0,baseline_resnet18,Pulmonary edema,FROC,,30,563,12,0.4047619047619047,0.6428571428571429,0.8920634920634921,1.0,0.734920634920635,0.12665620179016046,0.7142857142857143,0.0572081591824722,0.02391551566735229,0.048042669437514084,0.056607434569149954,0.1255604562331894,0.04100238215460751,0.7142857142857143,0.1571428571428571,0.41904761904761906,0.5357142857142857,0.5619047619047619
0,baseline_resnet18,Enlarged cardiac silhouette,FROC,,40,322,20,0.625,0.8555555555555555,0.9166666666666666,0.95,0.8368055555555556,0.28545809726727756,0.6666666666666666,0.17267127377043878,0.14063376087145074,0.16836076757752916,0.17235731750136737,0.2853819314339852,0.15774206521203812,0.6666666666666666,0.305,0.47333333333333333,0.5133333333333332,0.5166666666666666
0,baseline_resnet18,Consolidation,FROC,,25,197,30,0.6909090909090909,0.7636363636363637,0.8782608695652173,0.9984526112185688,0.8328147338323101,0.19199808686363018,0.45454545454545453,0.09306494112399964,0.05898627188418352,0.09136612078834573,0.09306494112399964,0.19199808686363018,0.046783552304786126,0.45454545454545453,0.12181818181818178,0.28545454545454546,0.3,0.3
0,baseline_resnet18,Atelectasis,FROC,,33,237,26,0.5127118644067796,0.6101694915254238,0.7813012575177692,0.934351873955598,0.7096336218513927,0.1953142691308795,0.559322033898305,0.11230467147180723,0.0625626100684542,0.11016953009768507,0.11232303868319946,0.19529910981478302,0.10293014118857345,0.559322033898305,0.16101694915254236,0.38813559322033897,0.41864406779661023,0.41864406779661023
0,baseline_resnet18,Pleural abnormality,FROC,,6,14,49,0.4599508599508599,0.625531914893617,0.8209366391184573,0.9249266862170088,0.7078365250449857,0.08721122112211221,0.10909090909090909,0.028479906814210833,0.025382538253825387,0.028479906814210833,0.028479906814210833,0.08721122112211221,0.02131624927198602,0.10909090909090909,0.038181818181818185,0.05272727272727272,0.05272727272727272,0.05272727272727272
0,baseline_resnet18,all,FROC,,135,1340,136,0.5462999900269273,0.7038287404150637,0.856159792759473,0.9590871657650812,0.7663439222416364,0.17671280539294396,0.5032929782082325,0.0900411141074526,0.06016777973039021,0.08692489200500746,0.08991119686323498,0.1764812305872051,0.07218136759093573,0.5032929782082325,0.15782867415070806,0.32334250495267447,0.36262264289382934,0.36881311908430553
0,with_clinical_resnet18_1D_3D,Pulmonary edema,FROC,1D+3D,27,468,15,0.3809523809523809,0.5119047619047619,0.8333333333333334,0.8885714285714286,0.6536904761904763,0.09549021127724702,0.6428571428571429,0.04322510537859628,0.01517862312547044,0.036036128011081484,0.039918916914317405,0.09453828352486199,0.03354799731725086,0.6428571428571429,0.11428571428571428,0.3857142857142857,0.4666666666666666,0.530952380952381
0,with_clinical_resnet18_1D_3D,Enlarged cardiac silhouette,FROC,1D+3D,37,336,23,0.5,0.7833333333333333,0.9166666666666666,0.9646586345381526,0.7911646586345381,0.24104249002075848,0.6,0.147999963189662,0.12068242107255911,0.14587931319921887,0.14705970707097393,0.24182802740774695,0.13832020077929771,0.6166666666666667,0.3,0.475,0.4933333333333333,0.5116666666666666
0,with_clinical_resnet18_1D_3D,Consolidation,FROC,1D+3D,26,197,29,0.6181818181818182,0.7506493506493507,0.8887949260042283,0.937018181818182,0.7986610691633947,0.16069658456608235,0.4727272727272727,0.06545788393015542,0.02271826495637917,0.06343294002957792,0.06494545821653756,0.16055993568212934,0.03470480745738703,0.4727272727272727,0.09090909090909091,0.27272727272727265,0.29272727272727267,0.30363636363636365
0,with_clinical_resnet18_1D_3D,Atelectasis,FROC,1D+3D,31,235,28,0.4791987673343605,0.6101694915254238,0.7457627118644068,0.9007822685788788,0.6839783098257675,0.12895615303760044,0.5254237288135594,0.06441962156234785,0.033822479367033816,0.06165726017683112,0.06293679606492918,0.1285156486023525,0.0504710615701508,0.5254237288135594,0.14576271186440676,0.3101694915254237,0.33728813559322035,0.3491525423728813
0,with_clinical_resnet18_1D_3D,Pleural abnormality,FROC,1D+3D,2,9,53,0.307070707070707,0.5614545454545454,0.7189269746646796,0.90282131661442,0.622568385951088,0.039603960396039604,0.03636363636363636,0.012541254125412541,0.011881188118811881,0.012541254125412541,0.012541254125412541,0.039603960396039604,0.009900990099009901,0.03636363636363636,0.014545454545454545,0.016363636363636365,0.016363636363636365,0.016363636363636365
0,with_clinical_resnet18_1D_3D,all,FROC,1D+3D,124,1241,147,0.4618509821461851,0.6519030047443333,0.8207553672944279,0.9208001635875872,0.7138273794431333,0.13583693938647498,0.46208452564384767,0.06705779186273514,0.04052267421003301,0.06356156537284156,0.06638010209856714,0.1353084913467693,0.05886875732436136,0.46208452564384767,0.13207403331132145,0.2852411035292391,0.32486323281238527,0.33794100814439804
0,with_clinical_resnet18_3D,Pulmonary edema,FROC,3D,21,170,21,0.4047619047619047,0.5238095238095238,0.7380952380952381,0.8052545155993431,0.6179802955665025,0.08068135370543769,0.5,0.052594348795468406,0.04034526115655044,0.05861831131572105,0.05276578587545393,0.07770044264154738,0.04490581702942784,0.5,0.17857142857142855,0.3714285714285714,0.37857142857142856,0.39047619047619053
0,with_clinical_resnet18_3D,Enlarged cardiac silhouette,FROC,3D,30,127,30,0.5388888888888889,0.6489583333333333,0.8212962962962963,0.950214592274678,0.7398395276982991,0.25802781116952106,0.5,0.1921847054126288,0.1779116101282888,0.1921847054126288,0.1921847054126288,0.25802781116952106,0.22729424935377723,0.5,0.33999999999999997,0.40666666666666673,0.40666666666666673,0.40666666666666673
0,with_clinical_resnet18_3D,Consolidation,FROC,3D,21,79,34,0.5159090909090909,0.6382775119617224,0.8199134199134199,0.8900863842040312,0.7160466017470661,0.18574465658792336,0.38181818181818183,0.09965525015904671,0.06059540067719147,0.09898376283680116,0.09965525015904671,0.18574465658792336,0.06822441093064491,0.38181818181818183,0.14181818181818182,0.2418181818181818,0.25272727272727274,0.25272727272727274
0,with_clinical_resnet18_3D,Atelectasis,FROC,3D,25,97,34,0.5423728813559322,0.6949152542372882,0.7448547215496368,0.8538296706837661,0.7089931319566558,0.18673311004154858,0.423728813559322,0.10799202760029444,0.074036762576996,0.10706711646528115,0.10799202760029444,0.18673311004154858,0.07061312041170792,0.423728813559322,0.15084745762711865,0.27796610169491526,0.2830508474576271,0.2830508474576271
0,with_clinical_resnet18_3D,Pleural abnormality,FROC,3D,18,42,37,0.4545454545454545,0.5984415584415584,0.7282296650717703,0.7934651819843777,0.6436704650107903,0.19781368615285544,0.32727272727272727,0.08443865810096896,0.05017749674127076,0.08305047938616618,0.08443865810096896,0.19781368615285544,0.05649107070985844,0.32727272727272727,0.07818181818181819,0.16909090909090913,0.18,0.18
0,with_clinical_resnet18_3D,all,FROC,3D,113,537,158,0.4970787207872079,0.6271477818161639,0.7725906864331802,0.8627485310050103,0.6898914300103907,0.18464919570392227,0.4197842835130971,0.10832679130804464,0.08015764412889284,0.10961257778174639,0.1083864813930225,0.1840023777059615,0.09418329670676458,0.4197842835130971,0.17648983784577005,0.29435417125247637,0.29839276542666376,0.30077371780761614
0,baseline_convnext_base,Pulmonary edema,FROC,,22,138,20,0.5793650793650794,0.8809523809523809,1.0,1.0,0.8650793650793651,0.2064438038154866,0.5238095238095238,0.12995821549473688,0.07789780740706266,0.12758386114485323,0.12995821549473688,0.2064438038154866,0.11460521468871393,0.5238095238095238,0.16190476190476188,0.3404761904761905,0.3642857142857143,0.3642857142857143
0,baseline_convnext_base,Enlarged cardiac silhouette,FROC,,30,126,30,0.6333333333333333,0.736,0.8919540229885058,0.9484234234234236,0.8024276949363156,0.29911038888595853,0.5,0.24457388238367214,0.22690314564334066,0.24465291851502521,0.24457388238367214,0.29911038888595853,0.28006050206383987,0.5,0.36333333333333334,0.43999999999999995,0.43999999999999995,0.43999999999999995
0,baseline_convnext_base,Consolidation,FROC,,24,81,31,0.6318181818181818,0.859090909090909,0.8727272727272727,0.9402020202020202,0.8259595959595959,0.18317422353531848,0.43636363636363634,0.113543509459012,0.06832287644467104,0.113543509459012,0.113543509459012,0.18317422353531848,0.11257951645121703,0.43636363636363634,0.16909090909090907,0.3145454545454546,0.3145454545454546,0.3145454545454546
0,baseline_convnext_base,Atelectasis,FROC,,21,35,38,0.6610169491525423,0.7966101694915254,0.8671405139420448,0.953301967008673,0.8195173998986963,0.1748938267686951,0.3559322033898305,0.09871106847383482,0.0614004700869916,0.09871106847383482,0.09871106847383482,0.1748938267686951,0.07891629532620147,0.3559322033898305,0.1576271186440678,0.2389830508474576,0.2389830508474576,0.2389830508474576
0,baseline_convnext_base,Pleural abnormality,FROC,,1,4,54,0.5818181818181818,0.709278350515464,0.77419624217119,0.8010400455494402,0.716583205013569,0.0039603960396039604,0.01818181818181818,0.0039603960396039604,0.0039603960396039604,0.0039603960396039604,0.0039603960396039604,0.0039603960396039604,0.0039603960396039604,0.01818181818181818,0.01818181818181818,0.01818181818181818,0.01818181818181818,0.01818181818181818
0,baseline_convnext_base,all,FROC,,98,397,173,0.6202337023370232,0.7912188534256477,0.8754956642852636,0.9258986534141972,0.8032117183655328,0.1784602570817911,0.36798297747450287,0.12142043853395053,0.09033711770881625,0.12136419368659493,0.12142043853395053,0.1784602570817911,0.12445305416499745,0.36798297747450287,0.1720076307872918,0.27283762565118497,0.2742661970797564,0.2742661970797564
0,with_clinical_convnext_base_1D_3D,Pulmonary edema,FROC,1D+3D,32,1121,10,0.3809523809523809,0.8095238095238095,0.9047619047619048,1.0,0.7738095238095238,0.1723482100246181,0.6666666666666666,0.08595004587278027,0.049977085333951454,0.08003568892301388,0.08377180046397677,0.17595252183417126,0.08548373014625996,0.7619047619047619,0.1476190476190476,0.39761904761904765,0.5023809523809524,0.5833333333333334
0,with_clinical_convnext_base_1D_3D,Enlarged cardiac silhouette,FROC,1D+3D,34,218,26,0.5166666666666667,0.8,0.8995238095238095,0.9799171842650104,0.7990269151138717,0.2769336405848017,0.5666666666666667,0.19585328529485724,0.17932281551305976,0.19522189629477685,0.19585328529485724,0.2769336405848017,0.193037319565251,0.5666666666666667,0.35500000000000004,0.445,0.45,0.45
0,with_clinical_convnext_base_1D_3D,Consolidation,FROC,1D+3D,28,270,27,0.6545454545454545,0.8181818181818182,0.8909090909090909,0.9636363636363636,0.8318181818181818,0.127182751676231,0.509090909090909,0.04958295955070729,0.019812680094728464,0.045853284273389895,0.04958295955070729,0.127182751676231,0.03831964177106875,0.509090909090909,0.10181818181818181,0.28727272727272724,0.32545454545454544,0.32545454545454544
0,with_clinical_convnext_base_1D_3D,Atelectasis,FROC,1D+3D,29,99,30,0.4987893462469733,0.7711864406779662,0.9322033898305084,0.9550077041602464,0.7892967202289236,0.2512297685485683,0.4915254237288136,0.1038226402678022,0.06507498579744027,0.10245649063110258,0.1038226402678022,0.2512297685485683,0.08047549008702708,0.4915254237288136,0.18305084745762712,0.30508474576271183,0.31694915254237294,0.31694915254237294
0,with_clinical_convnext_base_1D_3D,Pleural abnormality,FROC,1D+3D,3,13,52,0.5117845117845118,0.6216783216783217,0.733943754087639,0.8370462302202916,0.6761132044426911,0.0318031803180318,0.05454545454545454,0.014491449144914492,0.015099009900990099,0.014491449144914492,0.014491449144914492,0.0318031803180318,0.009900990099009901,0.05454545454545454,0.025454545454545452,0.025454545454545452,0.025454545454545452,0.025454545454545452
0,with_clinical_convnext_base_1D_3D,all,FROC,1D+3D,123,1718,148,0.518733282570921,0.7627022424070393,0.8720971772924306,0.9453063773559824,0.7747097699065933,0.16812932204539688,0.4506728299948638,0.0903056513670694,0.06562838100919317,0.08768240656482627,0.08974877818873722,0.16870833658200918,0.08025003317264887,0.46495854428057815,0.15760884877834033,0.28902259887005655,0.3204833810257539,0.34143576197813486
0,with_clinical_convnext_base_3D,Pulmonary edema,FROC,3D,27,395,15,0.5476190476190477,0.6666666666666666,0.9074074074074074,1.0,0.7804232804232805,0.19118527560630044,0.6428571428571429,0.1030544751157311,0.053322906883711385,0.10374475248830611,0.10293298443837283,0.19070377893232562,0.09602854538823306,0.6428571428571429,0.14523809523809522,0.40714285714285714,0.4238095238095238,0.4333333333333334
0,with_clinical_convnext_base_3D,Enlarged cardiac silhouette,FROC,3D,35,207,25,0.5111111111111112,0.7666666666666667,0.8833333333333333,0.9625,0.7809027777777778,0.21766311770220645,0.5833333333333334,0.12883753439764753,0.10758211091663225,0.12868149217593172,0.12887611000102842,0.21760908385659397,0.1274837176971332,0.5833333333333334,0.30500000000000005,0.425,0.42833333333333334,0.42833333333333334
0,with_clinical_convnext_base_3D,Consolidation,FROC,3D,25,100,30,0.6,0.8,0.8811688311688312,0.9644203226292778,0.8113972884495273,0.1341299940616741,0.45454545454545453,0.053756413281074104,0.02371610932059082,0.05378272955101065,0.053756413281074104,0.1341299940616741,0.025671074998461108,0.45454545454545453,0.10181818181818181,0.2545454545454545,0.26,0.26
0,with_clinical_convnext_base_3D,Atelectasis,FROC,3D,22,54,37,0.5084745762711864,0.7402656894182318,0.8946823651183853,0.9317955225233392,0.7688045383327856,0.2558134338791391,0.3728813559322034,0.12281483155061991,0.08727833445655227,0.12281483155061991,0.12281483155061991,0.2558134338791391,0.06273378787510012,0.3728813559322034,0.15084745762711865,0.2288135593220339,0.2288135593220339,0.2288135593220339
0,with_clinical_convnext_base_3D,Pleural abnormality,FROC,3D,6,40,49,0.4084848484848485,0.5754010695187165,0.7858752817430503,0.8927012330550662,0.6656156082004204,0.02867664815262014,0.10909090909090909,0.008182612378884947,0.01061056105610561,0.00909108221066042,0.008239981817406991,0.028577857785778583,0.0011648223645894002,0.10909090909090909,0.025454545454545452,0.04,0.04,0.04
0,with_clinical_convnext_base_3D,all,FROC,3D,114,818,157,0.5134071340713408,0.7133680239823066,0.869316593591326,0.947851001444708,0.7609856882724203,0.16570383411204126,0.428905275515445,0.08460264714372892,0.056588173148130624,0.0846954873549051,0.08458222774218765,0.16557672901633544,0.06409998578815107,0.428905275515445,0.14342923178516398,0.27008907476704086,0.27792457260253867,0.28030552498349104
0,with_clinical_convnext_base_3D_2nd,Pulmonary edema,FROC,3D,26,162,16,0.6095238095238096,0.8095238095238095,0.9047619047619048,0.9853684490555998,0.8272944932162809,0.23151846926665476,0.6190476190476191,0.1297253628029684,0.07128804140729152,0.12994784997081324,0.12980866494545376,0.23133769276203803,0.1069855913069972,0.6190476190476191,0.1619047619047619,0.4309523809523809,0.4404761904761904,0.4404761904761904
0,with_clinical_convnext_base_3D_2nd,Enlarged cardiac silhouette,FROC,3D,35,157,25,0.65,0.7796296296296297,0.8500000000000001,0.9516431924882628,0.8078182055294731,0.31309976544107837,0.5833333333333334,0.2281881233274435,0.2000668286463105,0.2281881233274435,0.2281881233274435,0.31309976544107837,0.2492392910750996,0.5833333333333334,0.3516666666666667,0.47833333333333333,0.47833333333333333,0.47833333333333333
0,with_clinical_convnext_base_3D_2nd,Consolidation,FROC,3D,24,98,31,0.5818181818181818,0.7818181818181819,0.8206896551724138,0.9208211143695014,0.7762867832945698,0.15515152025425488,0.43636363636363634,0.09054476083485508,0.05500003306008588,0.08987378464632713,0.09054476083485508,0.15515152025425488,0.07835823955066314,0.43636363636363634,0.1509090909090909,0.28909090909090907,0.29272727272727267,0.29272727272727267
0,with_clinical_convnext_base_3D_2nd,Atelectasis,FROC,3D,22,48,37,0.5544794188861986,0.656497175141243,0.7796610169491526,0.9167536315328608,0.7268478106273637,0.19178246040505795,0.3728813559322034,0.10530638745839677,0.06144262503173394,0.10530638745839677,0.10530638745839677,0.19178246040505795,0.07766169474090266,0.3728813559322034,0.1542372881355932,0.27796610169491526,0.27796610169491526,0.27796610169491526
0,with_clinical_convnext_base_3D_2nd,Pleural abnormality,FROC,3D,1,0,54,0.5249516441005803,0.6827404479578393,0.785665216395695,0.8105793450881612,0.7009841633855689,0.0198019801980198,0.01818181818181818,0.00792079207920792,0.00792079207920792,0.00792079207920792,0.00792079207920792,0.0198019801980198,0.0,0.01818181818181818,0.007272727272727273,0.007272727272727273,0.007272727272727273,0.007272727272727273
0,with_clinical_convnext_base_3D_2nd,all,FROC,3D,106,476,165,0.5837144876008031,0.7382355562686063,0.8241679628643764,0.9143895053145432,0.7651268780120822,0.17696408339324662,0.39899185560202505,0.11400944392116959,0.08107423689480303,0.11404059407445609,0.11401280666703456,0.17695289458805513,0.11136521226908837,0.39899185560202505,0.1620778487049674,0.29420529752733143,0.2964433927654267,0.2964433927654267
0,with_clinical_convnext_base_1D_3D_2nd,Pulmonary edema,FROC,1D+3D,34,608,8,0.7142857142857143,0.8531746031746031,0.9761904761904762,1.0,0.8859126984126984,0.21941834522993417,0.7857142857142857,0.10229729482265454,0.045114848427312025,0.0930622019763938,0.10038466344401266,0.22020035670262805,0.08171012676524621,0.8095238095238095,0.12857142857142856,0.4119047619047619,0.5261904761904762,0.5714285714285714
0,with_clinical_convnext_base_1D_3D_2nd,Enlarged cardiac silhouette,FROC,1D+3D,38,190,22,0.55,0.8119047619047619,0.9166666666666666,0.9833333333333332,0.8154761904761905,0.27572631272898246,0.6333333333333333,0.22294329975071683,0.20423288113976573,0.22078592380470716,0.22297303819735795,0.2756829238635712,0.2535757701617158,0.6333333333333333,0.40499999999999997,0.5049999999999999,0.52,0.52
0,with_clinical_convnext_base_1D_3D_2nd,Consolidation,FROC,1D+3D,33,273,22,0.7181818181818183,0.8077922077922078,0.8787878787878788,0.9611363636363636,0.8414745670995671,0.27264884971162595,0.5636363636363636,0.12690103656813698,0.06429109087379327,0.12400680097842318,0.12451420088613692,0.2785779843156233,0.08540208733022543,0.6,0.11090909090909089,0.3854545454545454,0.41090909090909095,0.43090909090909085
0,with_clinical_convnext_base_1D_3D_2nd,Atelectasis,FROC,1D+3D,30,151,29,0.5853976531942634,0.7288135593220338,0.847683615819209,0.9145869478179636,0.7691204440383674,0.22867681728110217,0.5084745762711864,0.12250680381023601,0.08193167003813291,0.12236906949830816,0.12250680381023601,0.22867681728110217,0.1248219717272305,0.5084745762711864,0.17457627118644067,0.3338983050847458,0.3423728813559322,0.3423728813559322
0,with_clinical_convnext_base_1D_3D_2nd,Pleural abnormality,FROC,1D+3D,2,0,53,0.6013986013986014,0.7467084639498432,0.8296103896103896,0.9207055630936228,0.7746057545131142,0.039603960396039604,0.03636363636363636,0.01782178217821782,0.01782178217821782,0.01782178217821782,0.01782178217821782,0.039603960396039604,0.0,0.03636363636363636,0.016363636363636365,0.016363636363636365,0.016363636363636365,0.016363636363636365
0,with_clinical_convnext_base_1D_3D_2nd,all,FROC,1D+3D,135,1237,136,0.6277320465512347,0.786144487060634,0.885517483746266,0.9537340807801074,0.8132820245345606,0.19019785980518478,0.4968031403624623,0.11142335331376811,0.07609616430162798,0.10834587000463905,0.11086241947406686,0.19133151374381,0.1022760781606976,0.5088377723970944,0.16804152909237655,0.3264039914887373,0.3609274341477732,0.36980189302223204
0,baseline_convnext_base_2nd,Pulmonary edema,FROC,,34,325,8,0.6190476190476191,0.8571428571428571,0.9324116743471582,1.0,0.8521505376344086,0.25316030936456957,0.7857142857142857,0.13593447566764474,0.06864806150944763,0.12841647432464262,0.13586514474847727,0.25500961311040027,0.10944126879838302,0.8095238095238095,0.15714285714285714,0.4404761904761905,0.5380952380952381,0.5404761904761904
0,baseline_convnext_base_2nd,Enlarged cardiac silhouette,FROC,,40,330,20,0.5666666666666667,0.8,0.9,1.0,0.8166666666666667,0.3088244655037492,0.6666666666666666,0.21223452772817178,0.17831171512908683,0.20411471857793947,0.2119112356327508,0.30870379955384375,0.24200523817402364,0.6666666666666666,0.33666666666666667,0.51,0.5700000000000001,0.5733333333333334
0,baseline_convnext_base_2nd,Consolidation,FROC,,35,239,20,0.6805194805194805,0.8145454545454546,0.9454545454545454,0.9789723320158102,0.8548729531338226,0.25250148004297274,0.6181818181818182,0.10743909733928024,0.05674265986022372,0.099620073378262,0.10719454981690059,0.2552139209220388,0.08495593647548634,0.6363636363636364,0.13454545454545452,0.3181818181818181,0.3890909090909091,0.390909090909091
0,baseline_convnext_base_2nd,Atelectasis,FROC,,36,232,23,0.576271186440678,0.7824858757062148,0.8983050847457628,0.9661016949152542,0.8057909604519775,0.2213772549841137,0.6101694915254238,0.09988555527409478,0.049476832136995205,0.10066393811725369,0.09994085457695048,0.2212778332767024,0.08553120845229466,0.6101694915254238,0.16779661016949152,0.43559322033898307,0.4406779661016949,0.4406779661016949
0,baseline_convnext_base_2nd,Pleural abnormality,FROC,,1,1,54,0.4524064171122994,0.6605067064083457,0.8059561128526647,0.8909211558183024,0.702447598047903,0.0198019801980198,0.01818181818181818,0.009900990099009898,0.009900990099009898,0.009900990099009898,0.009900990099009898,0.0198019801980198,0.0,0.01818181818181818,0.00909090909090909,0.00909090909090909,0.00909090909090909,0.00909090909090909
0,baseline_convnext_base_2nd,all,FROC,,147,1124,124,0.5767930788551583,0.7796846329119029,0.8947929023227941,0.9662145455013882,0.8043712898978108,0.2075363336280743,0.539176755447942,0.11329457406502252,0.07125616453568889,0.11051737019021748,0.11299809956265351,0.2090499998217602,0.10051374075459568,0.552336928608115,0.1538084965881576,0.34789595715019445,0.3779245726025387,0.3813358280137942
0,baseline_efficientnet_b0,Pulmonary edema,FROC,,30,579,12,0.4444444444444445,0.6666666666666666,0.8809523809523809,0.9285714285714286,0.7301587301587302,0.15406975980115875,0.7142857142857143,0.0643940129550066,0.02393936956634773,0.05954191538410888,0.06337983803679768,0.1536568633339775,0.04754492089232828,0.7142857142857143,0.13571428571428573,0.41904761904761917,0.5,0.5380952380952381
0,baseline_efficientnet_b0,Enlarged cardiac silhouette,FROC,,30,214,30,0.55,0.7411111111111112,0.8738888888888889,0.9996078431372548,0.7911519607843137,0.2517189146049553,0.5,0.14960876677805313,0.13456864243781352,0.15047240098350947,0.1497094931644685,0.2517189146049553,0.17569846181546941,0.5,0.2833333333333333,0.38,0.38,0.38
0,baseline_efficientnet_b0,Consolidation,FROC,,27,241,28,0.6363636363636364,0.7881818181818182,0.8532467532467533,0.8909090909090909,0.7921753246753247,0.19555736744148128,0.4909090909090909,0.0826103416858069,0.03948040480739803,0.07840306315647397,0.0824502534901205,0.19553216873921442,0.0563677465256138,0.4909090909090909,0.10545454545454544,0.28545454545454546,0.33090909090909093,0.3327272727272727
0,baseline_efficientnet_b0,Atelectasis,FROC,,28,160,31,0.5536723163841808,0.6957844415471535,0.8080834419817471,0.8502602428933671,0.7269501107016121,0.2023042027087757,0.4745762711864407,0.0976796722697569,0.05283638150255,0.09835814666799647,0.09776442941490275,0.20218673967781978,0.05974914607823013,0.4745762711864407,0.1423728813559322,0.3305084745762712,0.3338983050847458,0.3338983050847458
0,baseline_efficientnet_b0,Pleural abnormality,FROC,,0,2,55,0.5236363636363636,0.679144385026738,0.7499794323323735,0.8540985271711529,0.701714677041657,0.0,0.0,0.0,0.0,0.0,0.0,0.0,0.0,0.0,0.0,0.0,0.0,0.0
0,baseline_efficientnet_b0,all,FROC,,116,1194,155,0.5466174661746617,0.7166822505329126,0.8313199137162671,0.9044916749570382,0.7497778263452199,0.15981479668308285,0.4389845183065522,0.08116891499899612,0.0533325318795138,0.0784429603301238,0.08081076911641313,0.1596738196427036,0.06433317579759867,0.4389845183065522,0.13591936312275296,0.2790548095971825,0.31170474723017094,0.3203281238535476
0,with_clinical_efficientnet_b0_1D_3D,Pulmonary edema,FROC,1D+3D,22,294,20,0.4365079365079365,0.6190476190476191,0.7857142857142857,0.8571428571428571,0.6746031746031746,0.07478778215885395,0.5238095238095238,0.04678626750627391,0.031457742734263244,0.04033768276797876,0.046641348118137686,0.07351913048130698,0.04184117325326325,0.5238095238095238,0.14285714285714285,0.3119047619047619,0.38095238095238093,0.39047619047619053
0,with_clinical_efficientnet_b0_1D_3D,Enlarged cardiac silhouette,FROC,1D+3D,32,132,28,0.5333333333333333,0.7756410256410257,0.8333333333333334,0.9047197640117994,0.7617568640798729,0.2658306801361852,0.5333333333333333,0.19000121747010698,0.17493333714587386,0.19012686483539334,0.19000121747010698,0.2658306801361852,0.20292169836429752,0.5333333333333333,0.32333333333333336,0.4183333333333333,0.4183333333333333,0.4183333333333333
0,with_clinical_efficientnet_b0_1D_3D,Consolidation,FROC,1D+3D,20,112,35,0.4909090909090909,0.638871473354232,0.718041958041958,0.8236044657097289,0.6678567470037525,0.1600899292255982,0.36363636363636365,0.08642460935495441,0.047864431459943305,0.08328618992806708,0.0864477634744887,0.1600655665531105,0.06341887795185426,0.36363636363636365,0.10181818181818181,0.2472727272727273,0.2727272727272727,0.2727272727272727
0,with_clinical_efficientnet_b0_1D_3D,Atelectasis,FROC,1D+3D,22,98,37,0.4576271186440678,0.6440677966101694,0.7975370762711864,0.848144754924416,0.6868441866124599,0.15256711496365605,0.3728813559322034,0.06318346147704783,0.041701767191940374,0.06210147692028204,0.06318346147704783,0.15256711496365605,0.0461968473770727,0.3728813559322034,0.12372881355932204,0.23559322033898306,0.24237288135593227,0.24237288135593227
0,with_clinical_efficientnet_b0_1D_3D,Pleural abnormality,FROC,1D+3D,5,18,50,0.5787139689578714,0.7167464114832536,0.7710575139146568,0.839785064151771,0.7265757396268883,0.037308078633950345,0.09090909090909091,0.019669505770452816,0.020192019201920187,0.019669505770452816,0.019669505770452816,0.037308078633950345,0.0198019801980198,0.09090909090909091,0.025454545454545452,0.034545454545454546,0.034545454545454546,0.034545454545454546
0,with_clinical_efficientnet_b0_1D_3D,all,FROC,1D+3D,97,651,174,0.5024450244502444,0.6830164029687205,0.7821223559321543,0.8553880093122914,0.7057429481658526,0.13675101716483654,0.3617925012840267,0.07867338518134566,0.06154679506343629,0.07772618844472176,0.07882427444655966,0.13637989493508906,0.07054730258797288,0.3617925012840267,0.14290799031476997,0.24411182038300683,0.2579239856189009,0.2588763665712818
0,with_clinical_efficientnet_b0_3D,Pulmonary edema,FROC,3D,34,907,8,0.3333333333333333,0.6190476190476191,0.7857142857142857,0.9761904761904762,0.6785714285714286,0.15247006462427773,0.8095238095238095,0.06318194198983519,0.024374783428461663,0.05446141398060376,0.061729714237211124,0.15115558937357218,0.0365660749071351,0.8095238095238095,0.11904761904761903,0.42142857142857143,0.5714285714285714,0.6333333333333333
0,with_clinical_efficientnet_b0_3D,Enlarged cardiac silhouette,FROC,3D,32,196,28,0.5166666666666667,0.7033333333333333,0.8,0.969120654396728,0.747280163599182,0.281010014322685,0.5333333333333333,0.18879693776842973,0.1662026577551035,0.1891704286241032,0.18879693776842973,0.281010014322685,0.1859622330686915,0.5333333333333333,0.31,0.4416666666666666,0.4416666666666666,0.4416666666666666
0,with_clinical_efficientnet_b0_3D,Consolidation,FROC,3D,30,375,25,0.4909090909090909,0.6803030303030303,0.803305785123967,0.9454545454545454,0.7299931129476583,0.14979071449157436,0.5454545454545454,0.07993152682638484,0.0544230324525731,0.07517417299006618,0.07971470137334546,0.14964643004363512,0.07409458843421232,0.5454545454545454,0.15454545454545454,0.34545454545454546,0.40909090909090906,0.4127272727272727
0,with_clinical_efficientnet_b0_3D,Atelectasis,FROC,3D,29,130,30,0.5016949152542373,0.7269303201506592,0.8441771459814106,0.9322033898305084,0.7512514428042039,0.2041513195487166,0.4915254237288136,0.10999926341209146,0.08110121655988044,0.1106050237432558,0.10999926341209146,0.2041513195487166,0.10586340294102842,0.4915254237288136,0.1830508474576271,0.3220338983050848,0.3220338983050848,0.3220338983050848
0,with_clinical_efficientnet_b0_3D,Pleural abnormality,FROC,3D,2,10,53,0.4935064935064935,0.6400876232201533,0.782017982017982,0.897062937062937,0.7031687589518915,0.015841584158415842,0.03636363636363636,0.002376237623762376,0.002376237623762376,0.002376237623762376,0.002376237623762376,0.015841584158415842,0.0,0.03636363636363636,0.007272727272727273,0.007272727272727273,0.007272727272727273,0.007272727272727273
0,with_clinical_efficientnet_b0_3D,all,FROC,3D,128,1599,143,0.475065893516078,0.6778980621131512,0.804425309246164,0.9427516634769936,0.7250352320880966,0.15987238906365367,0.47847824491892277,0.08797813455303334,0.06511407695714982,0.08453201910305227,0.0872349712610142,0.16009621454930043,0.08075657399914936,0.48687651331719123,0.15711497542006017,0.30335182331792504,0.3528842908503925,0.3722868882529899
0,baseline_densenet,Pulmonary edema,FROC,,24,382,18,0.2936507936507936,0.3809523809523809,0.6190476190476191,0.852548036758563,0.5365497076023392,0.08300850922221571,0.5714285714285714,0.05169236654950702,0.036937220457505415,0.05303748875462115,0.05210773451248272,0.07868930585599443,0.0563719563237517,0.5714285714285714,0.1738095238095238,0.39761904761904765,0.4119047619047619,0.4333333333333333
0,baseline_densenet,Enlarged cardiac silhouette,FROC,,33,142,27,0.5666666666666667,0.7166666666666667,0.8588888888888889,0.9730324074074074,0.7788136574074074,0.28883039771452523,0.55,0.20880275574826151,0.19811691404343262,0.2086392897632588,0.20880275574826151,0.28883039771452523,0.256954059348699,0.55,0.3616666666666667,0.425,0.42666666666666675,0.42666666666666675
0,baseline_densenet,Consolidation,FROC,,18,76,37,0.5309090909090909,0.5818181818181818,0.7669533169533169,0.8500430169199885,0.6824309016501445,0.17890335325992843,0.32727272727272727,0.10159468715666485,0.07459510656948047,0.10722864977380635,0.1019178887196037,0.17824558612363134,0.10227700347908045,0.32727272727272727,0.10545454545454544,0.22909090909090907,0.22909090909090907,0.22909090909090907
0,baseline_densenet,Atelectasis,FROC,,24,116,35,0.5375302663438256,0.6469900642898889,0.7157990314769976,0.7676969092721835,0.6670040678457239,0.1718440666871388,0.4067796610169492,0.10831162269675697,0.058571284102236186,0.10841247631493837,0.10831162269675697,0.1718440666871388,0.10277253723939299,0.4067796610169492,0.16271186440677965,0.3169491525423728,0.3169491525423728,0.3169491525423728
0,baseline_densenet,Pleural abnormality,FROC,,14,47,41,0.496103896103896,0.7223587223587224,0.8188142292490118,0.937693136902623,0.7437424961535634,0.1352490234379731,0.2545454545454545,0.07594114631044468,0.058581006134628126,0.07600280704836172,0.07594114631044468,0.1352490234379731,0.061963055351040096,0.2545454545454545,0.11090909090909089,0.1527272727272727,0.1527272727272727,0.1527272727272727
0,baseline_densenet,all,FROC,,113,782,158,0.4964329643296432,0.623255142150676,0.7637737683823036,0.8775223914967032,0.6902460665898316,0.16130325895401848,0.4161178369652946,0.1033824536046261,0.07928355505440807,0.10415374747160967,0.10357282088819264,0.16096694596680683,0.10825049196157142,0.42087974172719933,0.1827977841367672,0.3021803507227236,0.3089059358720376,0.3136678406339423
0,with_clinical_densenet_1D_3D,Pulmonary edema,FROC,1D+3D,19,188,23,0.3333333333333333,0.4428571428571429,0.6190476190476191,0.8141923436041083,0.5523576097105509,0.07082931873792435,0.4523809523809524,0.043202832395008564,0.03220739936241897,0.045524489816609885,0.04254360720468366,0.06964554255335818,0.034700448066784705,0.4523809523809524,0.14047619047619048,0.3214285714285714,0.3285714285714286,0.34523809523809523
0,with_clinical_densenet_1D_3D,Enlarged cardiac silhouette,FROC,1D+3D,31,115,29,0.55,0.775,0.9772222222222222,0.9841573867854492,0.8215949022519179,0.2788152734350109,0.5166666666666667,0.21055219657822383,0.19142916758884948,0.21029939123015265,0.21055219657822383,0.2788152734350109,0.25568063017770315,0.5166666666666667,0.3533333333333334,0.43166666666666664,0.43499999999999994,0.43499999999999994
0,with_clinical_densenet_1D_3D,Consolidation,FROC,1D+3D,17,60,38,0.4848484848484848,0.6987012987012987,0.7765840220385676,0.8199679658302189,0.6950254428546425,0.16151610636176741,0.3090909090909091,0.08640367287813408,0.05567212194821967,0.08680504473811713,0.08640367287813408,0.16151610636176741,0.05640610096815309,0.3090909090909091,0.12181818181818183,0.2145454545454545,0.2145454545454545,0.2145454545454545
0,with_clinical_densenet_1D_3D,Atelectasis,FROC,1D+3D,22,70,37,0.4957627118644068,0.7406042741341193,0.8478399388301262,0.8824800550056207,0.7416717449585682,0.21745397478875253,0.3728813559322034,0.11187159390886624,0.06051730202881732,0.11007355025285957,0.11187159390886624,0.21745397478875253,0.10940524138006989,0.3728813559322034,0.13389830508474576,0.2559322033898305,0.2627118644067797,0.2627118644067797
0,with_clinical_densenet_1D_3D,Pleural abnormality,FROC,1D+3D,14,54,41,0.4872727272727272,0.5956112852664577,0.803370786516854,0.8597956186130816,0.6865126044172801,0.07246625856219574,0.2545454545454545,0.03287277932037236,0.01437996913674916,0.03287277932037236,0.03287277932037236,0.07246625856219574,0.02874749013362875,0.2545454545454545,0.07454545454545454,0.1509090909090909,0.1509090909090909,0.1509090909090909
0,with_clinical_densenet_1D_3D,all,FROC,1D+3D,104,495,167,0.4786592865928659,0.664143336871364,0.8175402368813983,0.8771174982590872,0.709365089651179,0.15977615755636748,0.3847494313596008,0.095254686787176,0.07075085310632401,0.09550734964082834,0.09510556420392223,0.15947195716399148,0.09378559225351986,0.3847494313596008,0.16613031036759845,0.27676351896690876,0.27954802259887007,0.28288135593220337
0,with_clinical_densenet_3D,Pulmonary edema,FROC,3D,30,528,12,0.3571428571428571,0.6904761904761905,0.8809523809523809,0.9633333333333332,0.7229761904761904,0.18153571205462327,0.7142857142857143,0.1211798350518629,0.061108924533218756,0.11703797593714636,0.11915470320829333,0.18076454694182922,0.11843169952797714,0.7142857142857143,0.18333333333333332,0.4238095238095238,0.4928571428571427,0.5452380952380953
0,with_clinical_densenet_3D,Enlarged cardiac silhouette,FROC,3D,35,280,25,0.5166666666666667,0.6333333333333333,0.8736111111111111,0.9205501618122977,0.7360403182308523,0.2694644468803179,0.5833333333333334,0.1970814463071719,0.17188134861473606,0.19069244768932372,0.19594667967967902,0.26932240549387776,0.22502156000658624,0.5833333333333334,0.34500000000000003,0.44333333333333325,0.47833333333333333,0.4916666666666667
0,with_clinical_densenet_3D,Consolidation,FROC,3D,31,328,24,0.6181818181818182,0.7454545454545455,0.8727272727272727,0.9095290251916758,0.786473165388828,0.1439575031479637,0.5272727272727272,0.06628672689244602,0.03315762330493916,0.06171444356434637,0.06495643865679188,0.14730797967657625,0.02930365499856782,0.5636363636363636,0.09636363636363636,0.2890909090909091,0.34363636363636363,0.3727272727272727
0,with_clinical_densenet_3D,Atelectasis,FROC,3D,31,242,28,0.5439137134052389,0.6155932203389831,0.8241125679565079,0.858810361368724,0.7106074657673634,0.20808221238030722,0.5254237288135594,0.07546157524187834,0.04680512700895644,0.07243296784679736,0.07570834903060579,0.20771692399915637,0.05134709446669744,0.5254237288135594,0.1406779661016949,0.2864406779661017,0.33559322033898303,0.33559322033898303
0,with_clinical_densenet_3D,Pleural abnormality,FROC,3D,1,8,54,0.4545454545454545,0.5272727272727272,0.668147120055517,0.8238078902229845,0.6184432980241709,0.0039603960396039604,0.01818181818181818,0.0011881188118811883,0.0014851485148514852,0.0011881188118811883,0.0011881188118811883,0.0039603960396039604,0.0,0.01818181818181818,0.005454545454545454,0.005454545454545454,0.005454545454545454,0.005454545454545454
0,with_clinical_densenet_3D,all,FROC,3D,127,1363,144,0.5058705132505871,0.6395571955719557,0.8220937261223399,0.8918684552667855,0.714847472552917,0.15399627699025206,0.46417565485362094,0.0872553899684353,0.059684068804306295,0.08430813747075959,0.08643828192488945,0.1548927861741653,0.0776586281239426,0.4762102868882529,0.15435241030156283,0.29321322180644216,0.3301922371413897,0.34680827646929346
0,baseline_resnet50,Pulmonary edema,FROC,,28,582,14,0.5,0.6666666666666666,0.9047619047619048,1.0,0.7678571428571428,0.1440119065036157,0.6666666666666666,0.07297571519917377,0.04210419617992932,0.06992201342943437,0.07248830007632179,0.14386903993396638,0.044973796905609494,0.6666666666666666,0.1357142857142857,0.43809523809523815,0.5023809523809524,0.5166666666666666
0,baseline_resnet50,Enlarged cardiac silhouette,FROC,,35,153,25,0.5,0.8272727272727273,0.897008547008547,1.0,0.8060703185703185,0.3111124366599858,0.5833333333333334,0.19793809633142165,0.17998350327009643,0.19700985353576372,0.19793809633142165,0.3111124366599858,0.24199454163685652,0.5833333333333334,0.29333333333333333,0.39499999999999996,0.40166666666666667,0.40166666666666667
0,baseline_resnet50,Consolidation,FROC,,25,189,30,0.6636363636363636,0.8306818181818182,0.9269537480063796,1.0,0.8553179824561403,0.10378322306010346,0.45454545454545453,0.05306590134896009,0.027264729612678697,0.048678890929172644,0.05293759108952369,0.10370882649672876,0.027217042129685717,0.45454545454545453,0.13454545454545452,0.27454545454545454,0.3145454545454545,0.31636363636363635
0,baseline_resnet50,Atelectasis,FROC,,27,90,32,0.6088657105606258,0.7457627118644068,0.864406779661017,0.9152542372881356,0.7835723598435462,0.21209677987970726,0.4576271186440678,0.10972518001984834,0.0742095220511062,0.11023446902231532,0.10977438757142774,0.21207602792095293,0.08430321016186498,0.4576271186440678,0.1559322033898305,0.30508474576271183,0.30508474576271183,0.30508474576271183
0,baseline_resnet50,Pleural abnormality,FROC,,1,0,54,0.5681818181818182,0.7205387205387206,0.8424242424242424,0.9323482171538708,0.765873249574663,0.0198019801980198,0.01818181818181818,0.005940594059405939,0.005940594059405939,0.005940594059405939,0.005940594059405939,0.0198019801980198,0.0,0.01818181818181818,0.005454545454545454,0.005454545454545454,0.005454545454545454,0.005454545454545454
0,baseline_resnet50,all,FROC,,116,1034,155,0.5707493613397672,0.7636660268117833,0.8861118165837529,0.9678197488688668,0.7970867384010425,0.16007987532390192,0.4377459828307286,0.08867180084770146,0.06429048864866366,0.08704780472166859,0.0885978412765268,0.16003776763521346,0.07999446218884193,0.4377459828307286,0.14428769535549196,0.2829781348594908,0.3053504292317852,0.30773138161273755
0,with_clinical_resnet50_1D_3D,Pulmonary edema,FROC,1D+3D,32,659,10,0.5714285714285714,0.7619047619047619,0.8593073593073592,0.9285714285714286,0.7803030303030303,0.14891800442905834,0.7380952380952381,0.05536988668246885,0.017053737370728746,0.0471966136859293,0.05155860588982272,0.15014276421394596,0.04097543771569717,0.7619047619047619,0.11904761904761904,0.42142857142857143,0.5285714285714286,0.6095238095238096
0,with_clinical_resnet50_1D_3D,Enlarged cardiac silhouette,FROC,1D+3D,39,171,21,0.6166666666666667,0.8483333333333334,0.8786324786324786,0.9739795918367348,0.8294030176173034,0.29647964906688823,0.65,0.19665852893346783,0.16446514603725432,0.19537274517061004,0.1966793913071448,0.2964377492091598,0.23101751962634887,0.65,0.32999999999999996,0.4783333333333334,0.4866666666666667,0.4866666666666667
0,with_clinical_resnet50_1D_3D,Consolidation,FROC,1D+3D,26,220,29,0.5863636363636363,0.7454545454545455,0.799043062200957,0.8962121212121211,0.7567683413078149,0.15241274719601938,0.4727272727272727,0.07956354461870971,0.038500796266369326,0.07731452938739407,0.07958023238144575,0.15241274719601938,0.06645661160454276,0.4727272727272727,0.12,0.29818181818181816,0.33272727272727265,0.33272727272727265
0,with_clinical_resnet50_1D_3D,Atelectasis,FROC,1D+3D,25,118,34,0.5953389830508475,0.6828087167070218,0.7844415471534116,0.8697531566374701,0.7330856008871878,0.20363778070536986,0.423728813559322,0.10952797958541269,0.07387605478895821,0.11012764265144839,0.10952797958541269,0.20363778070536986,0.10412272571126144,0.423728813559322,0.14915254237288136,0.3016949152542373,0.3016949152542373,0.3016949152542373
0,with_clinical_resnet50_1D_3D,Pleural abnormality,FROC,1D+3D,2,2,53,0.4559023066485753,0.5898101898101897,0.7159489633173844,0.8957219251336899,0.6643458462274598,0.029702970297029698,0.03636363636363636,0.013861386138613858,0.01452145214521452,0.013861386138613858,0.013861386138613858,0.029702970297029698,0.0198019801980198,0.03636363636363636,0.014545454545454545,0.014545454545454545,0.014545454545454545,0.014545454545454545
0,with_clinical_resnet50_1D_3D,all,FROC,1D+3D,123,1126,148,0.5662347854821832,0.7255545192814565,0.8059611457358593,0.9125851819218982,0.7525839081053494,0.16777881322334362,0.4608496588157605,0.09351631235402891,0.06383662106438866,0.09157520828335064,0.0930402994561404,0.16806461249777715,0.09426821674391703,0.46561156357766526,0.14852014087607307,0.3008241984004696,0.33408826766453886,0.346244111820383
0,with_clinical_resnet50_3D,Pulmonary edema,FROC,3D,26,374,16,0.4761904761904761,0.684981684981685,0.8809523809523809,0.9523809523809524,0.7486263736263736,0.12668710170358372,0.6190476190476191,0.0939175313181424,0.07105245897601842,0.09052802365831696,0.0943074521999434,0.1263966523371154,0.08483879294400971,0.6190476190476191,0.17619047619047618,0.42142857142857143,0.5095238095238096,0.5095238095238096
0,with_clinical_resnet50_3D,Enlarged cardiac silhouette,FROC,3D,26,96,34,0.5880952380952381,0.7854166666666667,0.9260869565217392,0.9816770186335404,0.8203189699792961,0.2492938551853122,0.43333333333333335,0.18793372726139185,0.16839039742190792,0.18793372726139185,0.18793372726139185,0.2492938551853122,0.22705379367324746,0.43333333333333335,0.28833333333333333,0.375,0.375,0.375
0,with_clinical_resnet50_3D,Consolidation,FROC,3D,21,108,34,0.5785123966942148,0.7665071770334928,0.8727272727272727,0.9912225705329154,0.8022423542469739,0.16424223378211047,0.38181818181818183,0.08646205485754624,0.052218837268342214,0.08638049704959323,0.08646205485754624,0.16424223378211047,0.05380558688582566,0.38181818181818183,0.14181818181818182,0.2818181818181818,0.2836363636363636,0.2836363636363636
0,with_clinical_resnet50_3D,Atelectasis,FROC,3D,23,44,36,0.543728813559322,0.6815980629539952,0.7892605369731513,0.8668280871670703,0.7203538751633848,0.18129841734431368,0.3898305084745763,0.08924000419850775,0.055610851407721415,0.08924000419850775,0.08924000419850775,0.18129841734431368,0.05966739531095967,0.3898305084745763,0.1288135593220339,0.2440677966101695,0.2440677966101695,0.2440677966101695
0,with_clinical_resnet50_3D,Pleural abnormality,FROC,3D,0,0,55,0.5236363636363637,0.6473447344734473,0.7736549165120593,0.8731700349925016,0.704451512403593,0.0,0.0,0.0,0.0,0.0,0.0,0.0,0.0,0.0,0.0,0.0,0.0,0.0
0,with_clinical_resnet50_3D,all,FROC,3D,97,628,174,0.5460660372837495,0.7153888251527608,0.8475373043575039,0.9320482345563376,0.760260100337588,0.13466460027452049,0.370060899552425,0.08504628103297522,0.06351649965076474,0.08469345932212452,0.08512524987942367,0.13457203585975303,0.07876783599654931,0.370060899552425,0.14642145425196273,0.26356827353437523,0.27737779734389906,0.27737779734389906
0,baseline_efficientnet_b5,Pulmonary edema,FROC,,31,478,11,0.4761904761904761,0.6904761904761905,0.8333333333333334,0.9761904761904762,0.7440476190476191,0.11860251284444236,0.7142857142857143,0.062456072140978876,0.040222792883683973,0.06054432533778836,0.06589870618264865,0.11373044883325,0.06292793323128561,0.7380952380952381,0.17619047619047618,0.42142857142857143,0.5047619047619046,0.5142857142857143
0,baseline_efficientnet_b5,Enlarged cardiac silhouette,FROC,,33,120,27,0.6166666666666667,0.8166666666666667,0.8684615384615385,0.9460526315789474,0.8119618758434548,0.31486843185532676,0.55,0.22289098529144766,0.20899322144887872,0.22321410371058,0.22289098529144766,0.31486843185532676,0.2449812998408618,0.55,0.3616666666666667,0.445,0.445,0.445
0,baseline_efficientnet_b5,Consolidation,FROC,,19,103,36,0.6,0.703030303030303,0.833921302578019,0.945,0.7704879014020805,0.1565195531824435,0.32727272727272727,0.08632693470057011,0.05947076850542197,0.08558362501435292,0.08542684469156922,0.15962895503171937,0.08995058402008975,0.34545454545454546,0.13999999999999999,0.2290909090909091,0.2363636363636364,0.24181818181818185
0,baseline_efficientnet_b5,Atelectasis,FROC,,19,95,40,0.4025423728813559,0.5181598062953995,0.7443884562528631,0.8735611347774858,0.634662942551776,0.1334603525710407,0.3220338983050847,0.0921058873623372,0.07134696986182135,0.0913356841427502,0.09216946239341371,0.13331568752297288,0.08881440779693012,0.3220338983050847,0.12542372881355932,0.19661016949152543,0.20677966101694914,0.20677966101694914
0,baseline_efficientnet_b5,Pleural abnormality,FROC,,3,19,52,0.4484848484848485,0.5224025974025974,0.8011894647408666,0.9464795607077486,0.6796391178340153,0.0252025202520252,0.05454545454545454,0.02218679010758218,0.020132013201320128,0.022376237623762372,0.02218679010758218,0.0252025202520252,0.0252025202520252,0.05454545454545454,0.02909090909090909,0.045454545454545456,0.045454545454545456,0.045454545454545456
0,baseline_efficientnet_b5,all,FROC,,107,824,164,0.5107626076260763,0.6493366719381478,0.8153420790743542,0.9348141722713456,0.727563882727481,0.15342680180778312,0.3985927067283,0.09702018044122364,0.07998629785552126,0.09641251604855863,0.09732554930146936,0.15302803196825712,0.09489260462903495,0.4081165162521095,0.165925306332086,0.2681808643334067,0.2852923178516399,0.2891018416611637
0,with_clinical_efficientnet_b5_1D_3D,Pulmonary edema,FROC,1D+3D,31,681,11,0.3095238095238095,0.4285714285714285,0.7301587301587302,0.9523809523809524,0.6051587301587302,0.13318967914661775,0.7380952380952381,0.078173229394957,0.04097572341522294,0.07285777105008312,0.08131248080010105,0.12535940492578992,0.08848586206568715,0.7380952380952381,0.15,0.38571428571428573,0.5261904761904762,0.5452380952380953
0,with_clinical_efficientnet_b5_1D_3D,Enlarged cardiac silhouette,FROC,1D+3D,38,277,22,0.5666666666666667,0.7254901960784313,0.8666666666666667,0.9,0.7647058823529411,0.3076922238154837,0.6166666666666667,0.21297544307898258,0.18276200560539552,0.20910384384420594,0.21289986625902574,0.30948112386404397,0.23667819508083546,0.6333333333333333,0.32,0.46499999999999997,0.49499999999999994,0.5
0,with_clinical_efficientnet_b5_1D_3D,Consolidation,FROC,1D+3D,33,401,22,0.5381818181818181,0.6909090909090909,0.7848484848484849,0.8545454545454545,0.717121212121212,0.11844892728833907,0.5454545454545454,0.053922454594613194,0.02140814081408141,0.04449618008649024,0.049568195908030355,0.12638158143362377,0.0312354582535217,0.6,0.09636363636363636,0.2763636363636363,0.33818181818181814,0.3890909090909091
0,with_clinical_efficientnet_b5_1D_3D,Atelectasis,FROC,1D+3D,27,238,32,0.3559322033898305,0.4949152542372881,0.711864406779661,0.7567647933392804,0.579869164436515,0.13036129056043996,0.4406779661016949,0.07644583523806252,0.06509710948867371,0.07214410032321056,0.07729749622149623,0.1308267079160227,0.07201620709217355,0.4576271186440678,0.17457627118644067,0.2983050847457627,0.3305084745762712,0.33559322033898303
0,with_clinical_efficientnet_b5_1D_3D,Pleural abnormality,FROC,1D+3D,4,31,51,0.3220779220779221,0.4533127889060092,0.6043636363636363,0.7865760407816483,0.541582597032304,0.030828082808280824,0.07272727272727272,0.018682268226822684,0.02442244224422442,0.02257990504932846,0.019074407440744075,0.02987098709870987,0.013501350135013503,0.07272727272727272,0.030909090909090907,0.04727272727272727,0.04727272727272727,0.04727272727272727
0,with_clinical_efficientnet_b5_1D_3D,all,FROC,1D+3D,135,1662,136,0.4255139694254085,0.5670170300905402,0.7419680196801969,0.8446893175277055,0.6447970841809627,0.13681415124840332,0.4765903587937486,0.08771582113477168,0.06801137058212489,0.08595996494358081,0.08666113311394878,0.13808004905937735,0.08781957301629698,0.5088113581333921,0.1517894929928828,0.3084011299435028,0.34918886198547205,0.3736263115415657
0,with_clinical_efficientnet_b5_3D,Pulmonary edema,FROC,3D,24,428,18,0.2857142857142857,0.3571428571428571,0.6428571428571429,0.8915343915343915,0.5443121693121693,0.08346764554643717,0.5714285714285714,0.04709396059016013,0.029133011551118713,0.04959131262309755,0.05097043278662235,0.0738431568351109,0.04293648985728494,0.5714285714285714,0.14523809523809522,0.34285714285714286,0.40714285714285714,0.4333333333333333
0,with_clinical_efficientnet_b5_3D,Enlarged cardiac silhouette,FROC,3D,33,212,27,0.6023809523809525,0.6833333333333333,0.8166666666666667,0.9166666666666666,0.7547619047619047,0.28351318835023337,0.55,0.19407504112734894,0.1757867157920172,0.19385205727453467,0.19457686798270396,0.2828463009204178,0.20999686301919218,0.55,0.2966666666666667,0.44666666666666666,0.4633333333333334,0.4633333333333334
0,with_clinical_efficientnet_b5_3D,Consolidation,FROC,3D,17,128,38,0.4545454545454545,0.6300940438871473,0.7638608305274972,0.85,0.6746250822400247,0.09663701614442669,0.3090909090909091,0.05232588294547354,0.03574257425742574,0.0484779387445735,0.05244022846121474,0.09641736515359148,0.04756958694370186,0.3090909090909091,0.09818181818181818,0.17818181818181816,0.21090909090909088,0.21090909090909088
0,with_clinical_efficientnet_b5_3D,Atelectasis,FROC,3D,17,111,42,0.3728813559322034,0.4576271186440678,0.5504439063761097,0.8015408320493067,0.5456233032504219,0.1077737993819118,0.288135593220339,0.05887223890681634,0.042306423188902736,0.06044461942388178,0.05946493470261169,0.10672556393900037,0.06424583754510295,0.288135593220339,0.09661016949152543,0.17627118644067793,0.17966101694915254,0.17966101694915254
0,with_clinical_efficientnet_b5_3D,Pleural abnormality,FROC,3D,8,35,47,0.3391304347826087,0.4572390572390572,0.584899845916795,0.7583527583527584,0.5349055240728048,0.04997642621404998,0.14545454545454545,0.02827479527353284,0.01681400282885431,0.02708340678557375,0.028406162455325987,0.04982499686621261,0.02595973883102596,0.14545454545454545,0.03454545454545454,0.08545454545454545,0.10363636363636364,0.10363636363636364
0,with_clinical_efficientnet_b5_3D,all,FROC,3D,97,902,174,0.41990786367491,0.5269495223687869,0.6740148622901349,0.8420470673238201,0.615729828914413,0.13230123662158141,0.36073079462909974,0.08037189857848948,0.06308563464335842,0.07987371066353303,0.08102280086770403,0.13066697451337145,0.08218421855323861,0.3654926993910045,0.1314172719935432,0.23874979822437453,0.26415371634015705,0.27082038300682365
0,with_clinical_convnext_base_3D_hadamard,Pulmonary edema,FROC,3D,32,298,10,0.7142857142857143,0.8518518518518519,0.9885057471264368,1.0,0.8886608283160007,0.2627470752368841,0.7380952380952381,0.16043169662620538,0.07200355028490225,0.15198230002407892,0.1592499992130411,0.26617398448870816,0.1319077363982484,0.7619047619047619,0.1880952380952381,0.4595238095238095,0.5476190476190477,0.5595238095238095
0,with_clinical_convnext_base_3D_hadamard,Enlarged cardiac silhouette,FROC,3D,35,161,25,0.5833333333333334,0.790909090909091,0.8542424242424242,0.956517094017094,0.7962504856254856,0.308966689033742,0.5833333333333334,0.24495006774477135,0.2222362451087581,0.24473448668592165,0.24495457525988704,0.30894855535224197,0.28719691093622857,0.5833333333333334,0.3733333333333333,0.4966666666666667,0.5016666666666667,0.5016666666666667
0,with_clinical_convnext_base_3D_hadamard,Consolidation,FROC,3D,26,80,29,0.7025454545454546,0.78989898989899,0.8933884297520661,0.9193636363636364,0.8262991276400369,0.22720769358500578,0.4727272727272727,0.09835480894187403,0.035931436550248434,0.09538082825991763,0.09835480894187403,0.22720769358500578,0.06943273569291876,0.4727272727272727,0.09090909090909091,0.2872727272727273,0.30727272727272725,0.30727272727272725
0,with_clinical_convnext_base_3D_hadamard,Atelectasis,FROC,3D,26,56,33,0.6779661016949152,0.7714285714285715,0.8796796423915069,0.9152542372881356,0.8110821382007822,0.2479903307638097,0.4406779661016949,0.13587331085322246,0.08113568457430789,0.13596779607444537,0.13587331085322246,0.2479903307638097,0.12349001724824077,0.4406779661016949,0.14915254237288136,0.3169491525423729,0.3169491525423729,0.3169491525423729
0,with_clinical_convnext_base_3D_hadamard,Pleural abnormality,FROC,3D,3,2,52,0.5163636363636364,0.6201798201798202,0.7389777604369879,0.8435077154685735,0.6797572331122544,0.03564356435643564,0.05454545454545454,0.01900990099009901,0.015841584158415842,0.01900990099009901,0.01900990099009901,0.03564356435643564,0.019801980198019802,0.05454545454545454,0.02909090909090909,0.03272727272727273,0.03272727272727273,0.03272727272727273
0,with_clinical_convnext_base_3D_hadamard,all,FROC,3D,120,611,151,0.6348339483394835,0.7612580940994226,0.865140318064032,0.923796863438366,0.7962573059853261,0.2174631808297104,0.4511526891187908,0.13076651104435405,0.08563672244081609,0.12890650802710057,0.13068663547902562,0.2181522236094088,0.12256290316895462,0.45591459388069555,0.16661838726245504,0.31656108298481184,0.3338035072272361,0.334755888179617
0,with_clinical_convnext_base_3D_cocat_token_mixer,Pulmonary edema,FROC,3D,35,838,7,0.4142857142857142,0.7619047619047619,0.9761904761904762,0.9761904761904762,0.7821428571428571,0.15428335041000837,0.7857142857142857,0.09028600587704168,0.0353290623179965,0.0802762977500332,0.0880269580261811,0.15574359211901126,0.07361363955518742,0.8333333333333334,0.07142857142857142,0.4071428571428572,0.5571428571428572,0.6261904761904762
0,with_clinical_convnext_base_3D_cocat_token_mixer,Enlarged cardiac silhouette,FROC,3D,36,233,24,0.5166666666666667,0.7166666666666667,0.8776315789473684,0.9833333333333332,0.7735745614035088,0.30471188442371866,0.6,0.21540155791978852,0.1927369404503695,0.21253931854341626,0.21532165786171398,0.3046749987700596,0.20382580645220696,0.6,0.32166666666666666,0.45,0.4733333333333333,0.4749999999999999
0,with_clinical_convnext_base_3D_cocat_token_mixer,Consolidation,FROC,3D,25,254,30,0.5988636363636364,0.7575757575757576,0.8512727272727273,0.96608639587363,0.7934496292714377,0.17531220816303716,0.45454545454545453,0.10433280095787537,0.06029734746490514,0.10136178557867204,0.10418448540202505,0.1753037199509568,0.08893182056169953,0.45454545454545453,0.11818181818181817,0.2909090909090909,0.32181818181818184,0.3236363636363636
0,with_clinical_convnext_base_3D_cocat_token_mixer,Atelectasis,FROC,3D,17,29,42,0.4576271186440678,0.6377118644067796,0.7848495330335524,0.854809999226066,0.6837496288276164,0.1554430268139365,0.288135593220339,0.07720388684838898,0.044362669460223325,0.07720388684838898,0.07720388684838898,0.1554430268139365,0.06928639037158552,0.288135593220339,0.09491525423728814,0.1864406779661017,0.1864406779661017,0.1864406779661017
0,with_clinical_convnext_base_3D_cocat_token_mixer,Pleural abnormality,FROC,3D,0,0,55,0.4199836199836199,0.5425061425061425,0.6357109557109557,0.6867084639498433,0.5712272955376403,0.0,0.0,0.0,0.0,0.0,0.0,0.0,0.0,0.0,0.0,0.0,0.0,0.0
0,with_clinical_convnext_base_3D_cocat_token_mixer,all,FROC,3D,112,1355,159,0.4850059007346829,0.6794446660682822,0.8182587444646652,0.8905443071757524,0.7183134046108457,0.16456782766836825,0.42072712598136325,0.10147906729032137,0.06768649798960442,0.09771301042188699,0.10124778260566174,0.1647808182890038,0.08864285788068628,0.43025093550517274,0.11964274708342504,0.2679953041308974,0.31577885391444716,0.32577885391444716
0,with_clinical_convnext_base_3D_hadamard_2nd,Pulmonary edema,FROC,3D,22,270,20,0.3809523809523809,0.6626984126984127,0.8963133640552995,0.9761904761904762,0.7290386584741423,0.14917548605550932,0.5238095238095238,0.09838998811769938,0.05117740006759297,0.09829008675542923,0.09902398916254371,0.14792901893320756,0.09869645169559352,0.5238095238095238,0.15476190476190474,0.3619047619047619,0.39761904761904765,0.4
0,with_clinical_convnext_base_3D_hadamard_2nd,Enlarged cardiac silhouette,FROC,3D,42,347,18,0.6,0.8833333333333333,0.9666666666666668,0.9958937198067632,0.8614734299516909,0.29444233662913677,0.7,0.1898388121010387,0.15828288793659995,0.18285242213233557,0.1897073234459183,0.29426232657345563,0.19937888222032615,0.7,0.3066666666666667,0.47833333333333333,0.54,0.5433333333333333
0,with_clinical_convnext_base_3D_hadamard_2nd,Consolidation,FROC,3D,35,320,20,0.5818181818181818,0.7636363636363637,0.8727272727272727,0.9636363636363636,0.7954545454545454,0.1475657290357478,0.6363636363636364,0.05987881221943446,0.019054411844615017,0.05613381105107115,0.05935188835826359,0.14706154379547048,0.035238460762314947,0.6363636363636364,0.09454545454545454,0.3381818181818182,0.3872727272727273,0.4
0,with_clinical_convnext_base_3D_hadamard_2nd,Atelectasis,FROC,3D,29,179,30,0.4915254237288136,0.6067796610169491,0.9426613775694194,0.9661016949152542,0.7517670393076091,0.19751643864409138,0.4915254237288136,0.09940174488348712,0.0636445809302962,0.10026051558319869,0.09950575876349825,0.1973585820935953,0.06968399146594995,0.4915254237288136,0.19491525423728812,0.3559322033898305,0.3559322033898305,0.3559322033898305
0,with_clinical_convnext_base_3D_hadamard_2nd,Pleural abnormality,FROC,3D,17,72,38,0.4245989304812834,0.6952380952380952,0.844302176696543,0.917588932806324,0.7204320338055614,0.10278983708181724,0.3090909090909091,0.03869128343513181,0.02893129312931293,0.03866812323364037,0.03869128343513181,0.10278983708181724,0.025268544227195332,0.3090909090909091,0.08181818181818182,0.1418181818181818,0.14727272727272725,0.14727272727272725
0,with_clinical_convnext_base_3D_hadamard_2nd,all,FROC,3D,136,1192,135,0.5031473844150206,0.726462836056932,0.90663764680896,0.9639151826300872,0.7750407624777499,0.1683601447321063,0.4991576784797124,0.09797054086722967,0.06406662642202735,0.09478947923660765,0.09804672713479724,0.16795020294236226,0.0876426398274291,0.4991576784797124,0.16385376770122534,0.31851771956856706,0.3593835204343679,0.3628813559322034
0,with_clinical_expander_convnext_base_3D_cocat,Pulmonary edema,FROC,3D,26,289,16,0.4047619047619047,0.6428571428571429,0.8095238095238095,0.93796992481203,0.6987781954887218,0.16954075604539579,0.6190476190476191,0.0932138156052636,0.039060208115305806,0.09420361410576941,0.0925105707673618,0.16837030848660292,0.07402300344823382,0.6190476190476191,0.1571428571428571,0.40714285714285714,0.4238095238095239,0.43809523809523815
0,with_clinical_expander_convnext_base_3D_cocat,Enlarged cardiac silhouette,FROC,3D,35,127,25,0.65,0.7833333333333333,0.85,0.887962962962963,0.7928240740740741,0.298004551473807,0.5833333333333334,0.21113256344523085,0.1957584786113019,0.20970363457138375,0.21113256344523085,0.298004551473807,0.23090506611693884,0.5833333333333334,0.36500000000000005,0.44666666666666666,0.45166666666666666,0.45166666666666666
0,with_clinical_expander_convnext_base_3D_cocat,Consolidation,FROC,3D,19,114,36,0.5454545454545454,0.7246753246753247,0.8325358851674641,0.9277641277641278,0.7576074707653655,0.10888300783662916,0.34545454545454546,0.053257976917945225,0.030974245323692036,0.05240549431222966,0.053257976917945225,0.10888300783662916,0.03775876333452743,0.34545454545454546,0.11090909090909092,0.23272727272727273,0.2436363636363636,0.2436363636363636
0,with_clinical_expander_convnext_base_3D_cocat,Atelectasis,FROC,3D,18,98,41,0.4350282485875706,0.5389830508474576,0.7971136096660514,0.903316138540899,0.6686102619104947,0.14685017952344684,0.3050847457627119,0.09010151164228401,0.06656807196399084,0.09018678162864775,0.09010151164228401,0.14685017952344684,0.09567552084878818,0.3050847457627119,0.14576271186440676,0.22711864406779664,0.22711864406779664,0.22711864406779664
0,with_clinical_expander_convnext_base_3D_cocat,Pleural abnormality,FROC,3D,6,4,49,0.4763636363636363,0.5853535353535353,0.7500665188470066,0.8482303955586398,0.6650035215307045,0.07524752475247524,0.10909090909090909,0.03801980198019801,0.025874587458745876,0.03801980198019801,0.03801980198019801,0.07524752475247524,0.01386138613861386,0.10909090909090909,0.038181818181818185,0.06727272727272728,0.06727272727272728,0.06727272727272728
0,with_clinical_expander_convnext_base_3D_cocat,all,FROC,3D,106,630,165,0.5087330873308733,0.6562789199320564,0.8083868457235901,0.8990696146736099,0.7181171169150324,0.16121121771344338,0.4019825372367746,0.09705431079492412,0.07222443240218844,0.09637623270629661,0.09699411172298536,0.1608861052932825,0.08868555823674953,0.4019825372367746,0.16717609509134934,0.27423420647149466,0.2838013060385942,0.28618225841954653
0,with_clinical_convnext_base_3D_cocat,Pulmonary edema,FROC,3D,31,798,11,0.6296296296296297,0.8386243386243386,0.9655172413793104,1.0,0.8584428024083197,0.10324173156152613,0.5952380952380952,0.045449628279778984,0.020777802356971718,0.034502896768486904,0.03934294561597292,0.11076585016903984,0.027738961764291466,0.7380952380952381,0.08809523809523809,0.28095238095238095,0.3904761904761905,0.5380952380952381
0,with_clinical_convnext_base_3D_cocat,Enlarged cardiac silhouette,FROC,3D,44,868,16,0.5583333333333333,0.7937500000000001,0.9401234567901234,1.0,0.8230516975308642,0.21882678308731296,0.6666666666666666,0.13021877872931115,0.1104649346021175,0.12237733564759413,0.12813985408734932,0.22317787983683984,0.12490426182489099,0.7333333333333333,0.26,0.4283333333333334,0.505,0.5466666666666666
0,with_clinical_convnext_base_3D_cocat,Consolidation,FROC,3D,19,152,36,0.6772727272727272,0.8563636363636363,0.898034398034398,0.9660460021905805,0.8494291909653355,0.0577705096637132,0.34545454545454546,0.030862593865285472,0.011731248042317335,0.026695451070209934,0.030862593865285472,0.0577705096637132,0.03463259463934394,0.34545454545454546,0.07090909090909091,0.2018181818181818,0.23636363636363633,0.23636363636363633
0,with_clinical_convnext_base_3D_cocat,Atelectasis,FROC,3D,7,46,52,0.5521096285611251,0.6877028489001082,0.8379860418743769,0.9573501717071008,0.7587871727606778,0.018169948863018173,0.11864406779661017,0.01032070239991032,0.013785224676313785,0.01032070239991032,0.01032070239991032,0.018169948863018173,0.011424219345011423,0.11864406779661017,0.0694915254237288,0.07457627118644068,0.07457627118644068,0.07457627118644068
0,with_clinical_convnext_base_3D_cocat,Pleural abnormality,FROC,3D,1,4,54,0.5660287081339712,0.703987240829346,0.8417832167832168,0.8727272727272727,0.7461316096184516,0.0066006600660066,0.01818181818181818,0.0033003300330033,0.0033003300330033,0.0033003300330033,0.0033003300330033,0.0066006600660066,0.0,0.01818181818181818,0.00909090909090909,0.00909090909090909,0.00909090909090909,0.00909090909090909
0,with_clinical_convnext_base_3D_cocat,all,FROC,3D,103,1853,168,0.5937287508373403,0.7721069688300467,0.8933220547265517,0.9579933219601507,0.8042877740885224,0.08063090699037129,0.36312275295326135,0.04551873664823846,0.031736338235526705,0.040902891434295256,0.04437659444090287,0.08254425931104549,0.04175045886011155,0.39550370533421375,0.10175977694621764,0.20601915034118423,0.2545169858390197,0.283802700124734
0,with_clinical_convnext_base_3D_cocat_with_norm_act_token_mixer,Pulmonary edema,FROC,3D,35,677,7,0.5317460317460317,0.8809523809523809,0.9047619047619048,1.0,0.8293650793650793,0.11282580368753124,0.7857142857142857,0.05617432875516664,0.022421838105526243,0.04429893702180099,0.05338837688176187,0.11443103384732665,0.0434868468671847,0.8333333333333334,0.14999999999999997,0.3976190476190476,0.5261904761904762,0.5952380952380952
0,with_clinical_convnext_base_3D_cocat_with_norm_act_token_mixer,Enlarged cardiac silhouette,FROC,3D,38,327,22,0.4833333333333333,0.78,0.9357142857142856,0.981851851851852,0.7952248677248678,0.2925454118568728,0.6166666666666667,0.19490054970717122,0.17227888958694149,0.18966484840817785,0.19136613956264248,0.2945395391418076,0.22662330126684435,0.6333333333333333,0.33166666666666667,0.4683333333333334,0.4883333333333334,0.5266666666666667
0,with_clinical_convnext_base_3D_cocat_with_norm_act_token_mixer,Consolidation,FROC,3D,25,195,30,0.6,0.7972027972027973,0.9151515151515152,1.0,0.828088578088578,0.1608098986215138,0.45454545454545453,0.06846425590217678,0.02001543011444001,0.0671861633098773,0.06858283225265362,0.16063321202011918,0.03601497713028105,0.45454545454545453,0.06,0.2636363636363636,0.2945454545454545,0.2945454545454545
0,with_clinical_convnext_base_3D_cocat_with_norm_act_token_mixer,Atelectasis,FROC,3D,15,58,44,0.4961479198767334,0.7627118644067796,0.8292046936114733,0.9329680132534728,0.7552581227871148,0.08722825223698842,0.2542372881355932,0.03647403353780756,0.015774029887460798,0.03647403353780756,0.03647403353780756,0.08722825223698842,0.035746431786035746,0.2542372881355932,0.05084745762711864,0.13559322033898305,0.13559322033898305,0.13559322033898305
0,with_clinical_convnext_base_3D_cocat_with_norm_act_token_mixer,Pleural abnormality,FROC,3D,0,0,55,0.532620320855615,0.6812428078250863,0.7763213530655392,0.8,0.6975461204365601,0.0,0.0,0.0,0.0,0.0,0.0,0.0,0.0,0.0,0.0,0.0,0.0,0.0
0,with_clinical_convnext_base_3D_cocat_with_norm_act_token_mixer,all,FROC,3D,115,1245,156,0.5273069308233189,0.7753302888432974,0.8712064273722215,0.9407978741441548,0.7786603802957481,0.12583940492488357,0.4326487636657128,0.06687495206197251,0.04423361934011032,0.06406169411678665,0.06614435588032457,0.12606191039272507,0.06152458151068652,0.44074400176095085,0.12275280651551838,0.24867238975713551,0.28455550664025236,0.2983174114021572
0,with_clinical_convnext_base_3D_cocat_pos_weight_10,Pulmonary edema,FROC,3D,30,668,12,0.6285714285714287,0.7529761904761905,0.9709821428571428,1.0,0.8381324404761905,0.20064941128595712,0.7142857142857143,0.09662595485959383,0.05797512377776765,0.08464506354108865,0.09378450969675856,0.19960946940532606,0.07330634564927278,0.7142857142857143,0.1619047619047619,0.369047619047619,0.5142857142857143,0.5714285714285714
0,with_clinical_convnext_base_3D_cocat_pos_weight_10,Enlarged cardiac silhouette,FROC,3D,41,491,19,0.6666666666666666,0.8,0.9166666666666666,1.0,0.8458333333333333,0.25652294034339657,0.6666666666666666,0.1725268673590125,0.1468580393849261,0.16508007381810588,0.1708595222718423,0.258054376065633,0.18547871930102153,0.6833333333333333,0.31666666666666665,0.45,0.5166666666666667,0.5466666666666667
0,with_clinical_convnext_base_3D_cocat_pos_weight_10,Consolidation,FROC,3D,23,133,32,0.6213438735177865,0.8053475935828878,0.9435294117647058,0.9636363636363636,0.833464310625436,0.15908578498355783,0.41818181818181815,0.07478474155594948,0.03933446643015126,0.0729948370895356,0.07478474155594948,0.15908578498355783,0.069869462163909,0.41818181818181815,0.06727272727272728,0.2654545454545455,0.28545454545454546,0.28545454545454546
0,with_clinical_convnext_base_3D_cocat_pos_weight_10,Atelectasis,FROC,3D,11,24,48,0.5121951219512195,0.6679960119641076,0.8406430193954221,0.943002849857507,0.740959250792064,0.12157833430401861,0.1864406779661017,0.04692704039311494,0.033836924065077316,0.04692704039311494,0.04692704039311494,0.12157833430401861,0.02982777269323571,0.1864406779661017,0.06779661016949153,0.10847457627118644,0.10847457627118644,0.10847457627118644
0,with_clinical_convnext_base_3D_cocat_pos_weight_10,Pleural abnormality,FROC,3D,0,0,55,0.5269016697588126,0.6752791068580541,0.8228523769808174,0.9135946622185154,0.7346569539540498,0.0,0.0,0.0,0.0,0.0,0.0,0.0,0.0,0.0,0.0,0.0,0.0,0.0
0,with_clinical_convnext_base_3D_cocat_pos_weight_10,all,FROC,3D,109,1303,162,0.5895683286912727,0.7397462480816758,0.8949453377318586,0.9626748138878644,0.7967336820981679,0.14280114225698728,0.410807836231565,0.07571143306829135,0.05493806960099317,0.0705094803043126,0.075127855038809,0.14291771583901355,0.06906783242789741,0.4141411695648983,0.12549064494827206,0.24027617580159955,0.29094717147259525,0.3068519333773571
0,with_clinical_convnext_base_3D_cocat_pos_weight_100,Pulmonary edema,FROC,3D,33,777,9,0.5411255411255411,0.7443609022556391,0.8809523809523809,1.0,0.7916097060833903,0.1419936686684786,0.7380952380952381,0.05731606102145483,0.03167276739892704,0.045025492202243486,0.05545461474898334,0.14442704942329612,0.04590764874738397,0.7857142857142857,0.11428571428571425,0.33333333333333337,0.5000000000000001,0.5642857142857143
0,with_clinical_convnext_base_3D_cocat_pos_weight_100,Enlarged cardiac silhouette,FROC,3D,45,787,15,0.65,0.7944444444444445,0.9509803921568628,1.0,0.8488562091503269,0.31016612634944696,0.7,0.16683843609310503,0.12671611396111276,0.16060682430711648,0.16479514977587145,0.3150089717831229,0.13776975940649983,0.75,0.23666666666666666,0.4716666666666667,0.5449999999999999,0.5883333333333334
0,with_clinical_convnext_base_3D_cocat_pos_weight_100,Consolidation,FROC,3D,20,137,35,0.6742424242424243,0.7818181818181819,0.8675645342312008,0.9636363636363636,0.8218153759820426,0.09116474700921949,0.36363636363636365,0.04014942942918688,0.02350435043504351,0.03739284641719967,0.04014942942918688,0.09116474700921949,0.02659144292807659,0.36363636363636365,0.09818181818181818,0.19636363636363635,0.21999999999999997,0.21999999999999997
0,with_clinical_convnext_base_3D_cocat_pos_weight_100,Atelectasis,FROC,3D,10,42,49,0.4739243807040417,0.6507686243594797,0.7954802259887006,0.9639225181598062,0.7210239373030071,0.03729076001741056,0.1694915254237288,0.019164032268928013,0.019285406801549717,0.019164032268928013,0.019164032268928013,0.03729076001741056,0.014372404982433728,0.1694915254237288,0.07796610169491526,0.0983050847457627,0.0983050847457627,0.0983050847457627
0,with_clinical_convnext_base_3D_cocat_pos_weight_100,Pleural abnormality,FROC,3D,0,2,55,0.5386363636363636,0.6674825174825174,0.7587878787878788,0.8140172676485526,0.6947310068888282,0.0,0.0,0.0,0.0,0.0,0.0,0.0,0.0,0.0,0.0,0.0,0.0,0.0
0,with_clinical_convnext_base_3D_cocat_pos_weight_100,all,FROC,3D,108,1753,163,0.5771112343990572,0.7270727374913332,0.8503377844235959,0.9470198460963062,0.7753854006025731,0.10549291877248144,0.38614938733582804,0.05156257803853042,0.0363853102569778,0.04780160398937468,0.05031918948136827,0.10744627379226436,0.0412238948087573,0.41519700638344703,0.10347068750458581,0.22015019443833006,0.2618688091569447,0.2880592853474209
0,with_clinical_convnext_base_3D_cocat_pos_weight_10_2nd,Pulmonary edema,FROC,3D,23,422,19,0.3333333333333333,0.5714285714285714,0.7056277056277056,0.9285714285714286,0.6347402597402597,0.10697672108861918,0.5476190476190477,0.044158890070330324,0.019145203118238717,0.041844465344930915,0.04357448682788466,0.10640153522556749,0.028502692713878685,0.5476190476190477,0.10476190476190476,0.33095238095238094,0.35952380952380947,0.3761904761904762
0,with_clinical_convnext_base_3D_cocat_pos_weight_10_2nd,Enlarged cardiac silhouette,FROC,3D,35,234,25,0.55,0.75,0.8450617283950618,0.923809523809524,0.7672178130511464,0.250259973155123,0.5833333333333334,0.1641825027385093,0.1406482301257949,0.16030107775223876,0.1641837751549076,0.250259973155123,0.16743738272816464,0.5833333333333334,0.3383333333333333,0.43500000000000005,0.4616666666666666,0.4616666666666666
0,with_clinical_convnext_base_3D_cocat_pos_weight_10_2nd,Consolidation,FROC,3D,31,219,24,0.4727272727272727,0.8363636363636363,0.9041322314049588,0.9913875598086124,0.80115267507612,0.16011465782256512,0.5636363636363636,0.0705933870636519,0.03458707939759492,0.0688691823517596,0.0705933870636519,0.16011465782256512,0.056375814430689626,0.5636363636363636,0.10727272727272726,0.3090909090909091,0.33272727272727276,0.33272727272727276
0,with_clinical_convnext_base_3D_cocat_pos_weight_10_2nd,Atelectasis,FROC,3D,22,99,37,0.4406779661016949,0.6022598870056497,0.8510258697591436,0.9207842573972996,0.703686995065947,0.17889736881396315,0.3728813559322034,0.07703390796301864,0.04305680979123383,0.07703390796301864,0.07703390796301864,0.17889736881396315,0.06332329327790916,0.3728813559322034,0.12372881355932205,0.2288135593220339,0.2288135593220339,0.2288135593220339
0,with_clinical_convnext_base_3D_cocat_pos_weight_10_2nd,Pleural abnormality,FROC,3D,13,55,42,0.4515151515151515,0.6116550116550117,0.8044965786901271,0.9267217630853994,0.6985971262364224,0.049824337272436924,0.23636363636363636,0.02197523072314602,0.0134006092916984,0.022150771280903533,0.02197523072314602,0.049824337272436924,0.02283821662121782,0.23636363636363636,0.07636363636363637,0.13272727272727275,0.13272727272727275,0.13272727272727275
0,with_clinical_convnext_base_3D_cocat_pos_weight_10_2nd,all,FROC,3D,127,1050,144,0.456949569495695,0.6796101807171918,0.8285061926608359,0.9381950382811172,0.72581524528871,0.1552804567298762,0.47087974172719926,0.07732005281190191,0.050581706615030426,0.07526883522787625,0.07722816282387833,0.15518833148354805,0.0680473086001638,0.47087974172719926,0.15246496441411694,0.2876253576931543,0.30727037933817597,0.31107990314769973
0,with_clinical_convnext_base_3D_cocat_pos_weight_100_2nd,Pulmonary edema,FROC,3D,26,464,16,0.3809523809523809,0.6904761904761905,0.8968253968253969,0.9523809523809524,0.7301587301587302,0.13315066466328032,0.6190476190476191,0.06293087640457058,0.030453290619485814,0.05838931962587065,0.06355182765816832,0.1309760077815614,0.052288862244098164,0.6190476190476191,0.11904761904761903,0.35,0.4333333333333334,0.45
0,with_clinical_convnext_base_3D_cocat_pos_weight_100_2nd,Enlarged cardiac silhouette,FROC,3D,34,195,26,0.5833333333333334,0.7355555555555555,0.86,0.9852112676056336,0.7910250391236306,0.2969256425120193,0.5666666666666667,0.19968540288364472,0.1637374298630161,0.19640573007268813,0.1997815919580452,0.2968582132198545,0.20805982576751164,0.5666666666666667,0.28833333333333333,0.44666666666666666,0.47166666666666657,0.47166666666666657
0,with_clinical_convnext_base_3D_cocat_pos_weight_100_2nd,Consolidation,FROC,3D,23,159,32,0.5159090909090909,0.6887700534759359,0.8989214175654854,0.9869585911470729,0.7726397882743963,0.1339297412373611,0.41818181818181815,0.06363414820249699,0.04166289486091467,0.06153312444242704,0.06363414820249699,0.1339297412373611,0.06393152353044952,0.41818181818181815,0.1,0.2363636363636364,0.27454545454545454,0.27454545454545454
0,with_clinical_convnext_base_3D_cocat_pos_weight_100_2nd,Atelectasis,FROC,3D,21,98,38,0.3728813559322034,0.5288135593220338,0.7945153304132546,0.949617256380136,0.661456875511907,0.2071780790368303,0.3559322033898305,0.1158768532540941,0.09094503073173814,0.11607035435165419,0.1158768532540941,0.2071780790368303,0.11721499676100013,0.3559322033898305,0.14576271186440676,0.2220338983050847,0.22372881355932198,0.22372881355932198
0,with_clinical_convnext_base_3D_cocat_pos_weight_100_2nd,Pleural abnormality,FROC,3D,11,48,44,0.4793388429752065,0.6335664335664336,0.788047138047138,0.9535923753665688,0.7136361974888368,0.09718126067925942,0.2,0.047504382185517724,0.03715104593166083,0.04727587907427792,0.047504382185517724,0.09718126067925942,0.04148794189763803,0.2,0.06363636363636364,0.11454545454545453,0.11818181818181817,0.11818181818181817
0,with_clinical_convnext_base_3D_cocat_pos_weight_100_2nd,all,FROC,3D,119,987,152,0.471360281784636,0.6533647236924858,0.8447466484123357,0.9663114293026434,0.7339457707980253,0.17422846681704893,0.447030596522122,0.09764843954207907,0.06811484753832525,0.09604455406861569,0.09727910028195079,0.17366790148349542,0.08655822406102087,0.447030596522122,0.14227037933817596,0.2844973218871524,0.30965316604299653,0.31460554699537746
0,ap_lesion_dsetection_with_clinical_convnext_base_3D,Pulmonary edema,Average Precision,3D,22,109,20,0.5476190476190477,0.6904761904761905,0.9029982363315696,0.9478966474482168,0.7722475304687562,0.152791056816095,0.5238095238095238,0.07183637916104886,0.04996766671741066,0.07199699131761973,0.07123604901072136,0.15252065736235654,0.047244692260055864,0.5238095238095238,0.18095238095238095,0.34285714285714286,0.3547619047619047,0.3642857142857143
0,ap_lesion_dsetection_with_clinical_convnext_base_3D,Enlarged cardiac silhouette,Average Precision,3D,30,96,30,0.6547619047619048,0.8104166666666667,0.9225925925925926,0.9836409499200196,0.842853028485296,0.28882664188602214,0.5,0.2243015458892078,0.20822861062848405,0.22477268712913212,0.2243015458892078,0.28882664188602214,0.26053596040016325,0.5,0.32166666666666666,0.4149999999999999,0.4149999999999999,0.4149999999999999
0,ap_lesion_dsetection_with_clinical_convnext_base_3D,Consolidation,Average Precision,3D,12,36,43,0.6318181818181818,0.7171717171717172,0.7776756931012251,0.8346711798839459,0.7403341929937675,0.14135033194439134,0.21818181818181817,0.06284584775117734,0.0372105012358821,0.06319024522403446,0.06284584775117734,0.14135033194439134,0.039389884934439394,0.21818181818181817,0.07818181818181817,0.15272727272727268,0.15272727272727268,0.15272727272727268
0,ap_lesion_dsetection_with_clinical_convnext_base_3D,Atelectasis,Average Precision,3D,15,15,44,0.6427118644067797,0.7577911427009294,0.7827941565059832,0.8238647087690159,0.7517904680956771,0.17546310222489608,0.2542372881355932,0.10668114161125226,0.06562913434200562,0.10668114161125226,0.10668114161125226,0.17546310222489608,0.08781235266383783,0.2542372881355932,0.1152542372881356,0.19830508474576272,0.19830508474576272,0.19830508474576272
0,ap_lesion_dsetection_with_clinical_convnext_base_3D,Pleural abnormality,Average Precision,3D,6,12,49,0.5045454545454545,0.7094474153297683,0.7866791306379995,0.8036301316506972,0.7010755330409798,0.0789078907890789,0.10909090909090909,0.031068106810681066,0.017444601603017442,0.031068106810681066,0.031068106810681066,0.0789078907890789,0.0174017401740174,0.10909090909090909,0.030909090909090907,0.05818181818181818,0.05818181818181818,0.05818181818181818
0,ap_lesion_dsetection_with_clinical_convnext_base_3D,all,Average Precision,3D,86,254,185,0.6003900896151819,0.7409547221658174,0.832124915206612,0.8765487311431868,0.7625046145326995,0.17166060026860205,0.32475676865507375,0.10576004626197744,0.08327426523907816,0.1056709988699782,0.10565781480770504,0.17155000125502276,0.09365913967263811,0.32475676865507375,0.14737119377797345,0.23551610536356296,0.23837324822070585,0.24027801012546773
0,ap_lesion_dsetection_with_clinical_convnext_base_1D_3D,Pulmonary edema,Average Precision,1D+3D,31,522,11,0.5952380952380952,0.7321428571428572,0.8571428571428571,1.0,0.7961309523809524,0.19436569084385436,0.7380952380952381,0.10621376037889257,0.055460603752682955,0.09932216943237628,0.10635825538969099,0.1939390139304204,0.08498190149254219,0.7380952380952381,0.14285714285714285,0.41904761904761906,0.5214285714285715,0.5238095238095238
0,ap_lesion_dsetection_with_clinical_convnext_base_1D_3D,Enlarged cardiac silhouette,Average Precision,1D+3D,41,330,19,0.4833333333333333,0.7708333333333334,0.95,0.9833333333333332,0.796875,0.2741299628744663,0.6833333333333333,0.19053975099061493,0.16386106256165708,0.1913170267283263,0.1906723119778727,0.2735906336352184,0.20772567217143498,0.6833333333333333,0.35000000000000003,0.5266666666666666,0.5349999999999999,0.5399999999999999
0,ap_lesion_dsetection_with_clinical_convnext_base_1D_3D,Consolidation,Average Precision,1D+3D,26,148,29,0.6545454545454545,0.7454545454545455,0.8909090909090909,0.9480851063829788,0.8097485493230174,0.12670672809345027,0.4727272727272727,0.05332190160997594,0.023653297233066896,0.051395042538192354,0.05332190160997594,0.12670672809345027,0.039245433082207654,0.4727272727272727,0.11818181818181817,0.2672727272727272,0.2818181818181818,0.2818181818181818
0,ap_lesion_dsetection_with_clinical_convnext_base_1D_3D,Atelectasis,Average Precision,1D+3D,27,120,32,0.423728813559322,0.6497175141242937,0.8758884636413341,0.9830508474576272,0.7330964096956443,0.1976470108669189,0.4576271186440678,0.0991980635971355,0.04726249604028957,0.09939886876228951,0.0991980635971355,0.1976470108669189,0.05955518177157116,0.4576271186440678,0.1406779661016949,0.3,0.3,0.3
0,ap_lesion_dsetection_with_clinical_convnext_base_1D_3D,Pleural abnormality,Average Precision,1D+3D,10,44,45,0.464935064935065,0.6843326885880078,0.8513368983957219,0.9734364925854287,0.7435102861260559,0.06772031291651295,0.18181818181818182,0.020971486951502995,0.019590757364561968,0.020971486951502995,0.020971486951502995,0.06772031291651295,0.017937508036517936,0.18181818181818182,0.07636363636363637,0.09454545454545454,0.09454545454545454,0.09454545454545454
0,ap_lesion_dsetection_with_clinical_convnext_base_1D_3D,all,Average Precision,1D+3D,132,1180,139,0.5187137585661571,0.7157624767737039,0.8874573755225218,0.9766925754363928,0.7746565465746938,0.16887283990624347,0.4918453298114315,0.09238238907463454,0.061376575645443646,0.09103064734409315,0.09239389472908935,0.16895702501309146,0.08512005914075237,0.4966072345733362,0.16545161053635626,0.3159401276689412,0.342775625504439,0.34568038740920104
0,ap_lesion_dsetection_baseline_convnext_base,Pulmonary edema,Average Precision,,31,447,11,0.5238095238095238,0.7380952380952381,0.8707482993197279,1.0,0.7831632653061225,0.19532750777095306,0.7142857142857143,0.11714531357358617,0.06742040057664303,0.11221120736091544,0.11633133934909116,0.19598100667813073,0.08907573626516964,0.7380952380952381,0.19285714285714284,0.45476190476190476,0.5238095238095238,0.5404761904761906
0,ap_lesion_dsetection_baseline_convnext_base,Enlarged cardiac silhouette,Average Precision,,41,283,19,0.6833333333333333,0.8291666666666666,0.8666666666666667,1.0,0.8447916666666666,0.2947593316028811,0.65,0.20481343913398617,0.16513796945145062,0.1990213947845878,0.2037201041773464,0.2991558001306003,0.23276935275647162,0.6833333333333333,0.35000000000000003,0.5116666666666666,0.5416666666666667,0.55
0,ap_lesion_dsetection_baseline_convnext_base,Consolidation,Average Precision,,34,249,21,0.6623376623376623,0.8,0.8916083916083916,0.9768939393939394,0.8327099983349984,0.17638225282045888,0.6,0.09312112008244426,0.04216540077196444,0.08819792800548461,0.09258730228197004,0.17769484125025897,0.09861896727896854,0.6181818181818182,0.11636363636363636,0.3509090909090909,0.39818181818181814,0.40727272727272723
0,ap_lesion_dsetection_baseline_convnext_base,Atelectasis,Average Precision,,27,141,32,0.4632768361581921,0.6620762711864406,0.8437596302003082,0.9606046724690792,0.732429352503505,0.19889738947339902,0.4576271186440678,0.1005309949373603,0.06249938285987567,0.10061433871477603,0.1005309949373603,0.19889738947339902,0.07440476047071454,0.4576271186440678,0.1711864406779661,0.3220338983050848,0.3220338983050848,0.3220338983050848
0,ap_lesion_dsetection_baseline_convnext_base,Pleural abnormality,Average Precision,,6,26,49,0.4242424242424242,0.6790513833992095,0.8050778050778051,0.8955796497080901,0.7009878156068823,0.047854785478547844,0.10909090909090909,0.022557424366915657,0.023058305830583055,0.022557424366915657,0.022557424366915657,0.047854785478547844,0.024045261669024043,0.10909090909090909,0.05272727272727272,0.06,0.06,0.06
0,ap_lesion_dsetection_baseline_convnext_base,all,Average Precision,,135,1138,136,0.5538569671410999,0.742289026151131,0.8548744928818729,0.9655414135656356,0.7791404749349349,0.183287900687478,0.496144251228997,0.10994022913855095,0.07413046143357115,0.1070927727594901,0.1095546183878039,0.18422781760112744,0.10313648925814731,0.5078758529605987,0.17542042703059654,0.3377694621762419,0.3666612370680168,0.37169154009831984
0,ap_clinical_efficientnet_b0_3D,Pulmonary edema,Average Precision,3D,19,213,23,0.3214285714285714,0.5047619047619049,0.7142857142857143,0.9175272518646012,0.6145008605851979,0.08189826371761273,0.4523809523809524,0.038762915713612775,0.029928726653621063,0.03487645697917005,0.03954874091708875,0.079922790566726,0.033964011877835876,0.4523809523809524,0.16190476190476194,0.26428571428571435,0.3119047619047619,0.3190476190476191
0,ap_clinical_efficientnet_b0_3D,Enlarged cardiac silhouette,Average Precision,3D,29,96,31,0.55,0.65,0.8011494252873563,0.9042494859492805,0.7263497278091592,0.2530672519463156,0.48333333333333334,0.19197394389314368,0.18568027025987996,0.18850577501386548,0.19197394389314368,0.2530672519463156,0.20626223496359347,0.48333333333333334,0.3266666666666667,0.38500000000000006,0.4,0.4
0,ap_clinical_efficientnet_b0_3D,Consolidation,Average Precision,3D,17,110,38,0.65,0.7545454545454546,0.8545454545454545,0.8961160904822876,0.7888017498932992,0.12188721210405815,0.3090909090909091,0.07630901477267092,0.052928291859567336,0.07656602468537986,0.07630901477267092,0.12188721210405815,0.07445524554845764,0.3090909090909091,0.12,0.23636363636363633,0.23636363636363633,0.23636363636363633
0,ap_clinical_efficientnet_b0_3D,Atelectasis,Average Precision,3D,6,12,53,0.4762379528082419,0.5711042392453125,0.6083688887149176,0.6828981876541277,0.5846523171056499,0.0581911972709876,0.1016949152542373,0.03799650553290623,0.036798679867986794,0.03799650553290623,0.03799650553290623,0.0581911972709876,0.038073051002579246,0.1016949152542373,0.06101694915254237,0.07796610169491526,0.07796610169491526,0.07796610169491526
0,ap_clinical_efficientnet_b0_3D,Pleural abnormality,Average Precision,3D,2,8,53,0.3714285714285714,0.4685641461342396,0.5118946474086661,0.5985556499575191,0.487610753732249,0.025459688826025458,0.03636363636363636,0.011598302687411596,0.01221122112211221,0.011598302687411596,0.011598302687411596,0.025459688826025458,0.0028288543140028285,0.03636363636363636,0.023636363636363636,0.023636363636363636,0.023636363636363636,0.023636363636363636
0,ap_clinical_efficientnet_b0_3D,all,Average Precision,3D,74,444,197,0.4825705189825008,0.5947091444754857,0.6978484706970413,0.7944245480850664,0.6423881705600236,0.11379580187808594,0.28020911292097733,0.07065008670894359,0.0638349181865702,0.06980849821945691,0.07060892862342848,0.11341174735187876,0.06850217755194316,0.28020911292097733,0.13909949372661237,0.1992252549710177,0.20796551471127742,0.2122512289969917
0,ap_clinical_efficientnet_b0_1D_3D,Pulmonary edema,Average Precision,1D+3D,24,225,18,0.4226190476190476,0.6428571428571429,0.7619047619047619,0.885859687386405,0.6783101599418393,0.13314129985683223,0.5714285714285714,0.06933875044635389,0.04779705071924287,0.07052853901015185,0.06865823303424683,0.13157657285003976,0.07586551186418346,0.5714285714285714,0.1857142857142857,0.3833333333333333,0.41190476190476194,0.42857142857142855
0,ap_clinical_efficientnet_b0_1D_3D,Enlarged cardiac silhouette,Average Precision,1D+3D,26,88,34,0.5833333333333334,0.638,0.7087301587301588,0.7843317972350231,0.6785988223246289,0.2843451289529803,0.43333333333333335,0.21416129628950975,0.19845104501604519,0.21277851998555192,0.21416129628950975,0.2843451289529803,0.24868454154993788,0.43333333333333335,0.3083333333333333,0.3633333333333334,0.36833333333333335,0.36833333333333335
0,ap_clinical_efficientnet_b0_1D_3D,Consolidation,Average Precision,1D+3D,19,111,36,0.4349650349650349,0.5839572192513368,0.6878048780487805,0.7895860008536065,0.6240782832796897,0.1518693582213872,0.34545454545454546,0.07767730816330622,0.036013256787863664,0.07504823806976921,0.07767730816330622,0.1518693582213872,0.06247580073930837,0.34545454545454546,0.10181818181818181,0.23090909090909095,0.25090909090909086,0.25090909090909086
0,ap_clinical_efficientnet_b0_1D_3D,Atelectasis,Average Precision,1D+3D,17,83,42,0.4092009685230024,0.5666912306558585,0.7113801452784504,0.8226857887874837,0.6274895333111987,0.10335031717404505,0.288135593220339,0.053318852851513006,0.03707895988537846,0.05232057705160016,0.05306354302365084,0.1032659475444591,0.03477474808950161,0.288135593220339,0.12033898305084745,0.19322033898305083,0.20169491525423727,0.2050847457627119
0,ap_clinical_efficientnet_b0_1D_3D,Pleural abnormality,Average Precision,1D+3D,3,22,52,0.3209090909090909,0.4727272727272727,0.63725782414307,0.7631102016954108,0.5485010973687111,0.011353135313531352,0.05454545454545454,0.0037899268187688334,0.006152758132956152,0.00395406000227352,0.0037899268187688334,0.011353135313531352,0.0008609556607834697,0.05454545454545454,0.016363636363636365,0.02727272727272727,0.02727272727272727,0.02727272727272727
0,ap_clinical_efficientnet_b0_1D_3D,all,Average Precision,1D+3D,91,518,180,0.4371436681399781,0.5787174526476723,0.698795891940184,0.8051762634058593,0.6299583190334235,0.1317222042940938,0.34673123486682805,0.08256309808845659,0.06303268494900514,0.08072638003799427,0.08287427457988845,0.1313241708420349,0.08464038085875221,0.34673123486682805,0.14438249321300167,0.23629173086800206,0.258426516985839,0.258426516985839
0,ap_baseline_efficientnet_b0,Pulmonary edema,Average Precision,,27,464,15,0.3809523809523809,0.6428571428571429,0.7857142857142857,0.8809523809523809,0.6726190476190476,0.16722309594015214,0.6190476190476191,0.06615123741700997,0.026283194769453164,0.06064435095841662,0.06416681372492293,0.16720285015302846,0.04068474803633505,0.6428571428571429,0.12142857142857144,0.35,0.43809523809523804,0.4928571428571429
0,ap_baseline_efficientnet_b0,Enlarged cardiac silhouette,Average Precision,,32,147,28,0.5416666666666667,0.8,0.8757575757575757,0.9615591397849462,0.7947458455522972,0.2582199905561136,0.5333333333333333,0.19359472933097766,0.17593921471775428,0.19195062206509694,0.19359472933097766,0.2582199905561136,0.21887106711712132,0.5333333333333333,0.33166666666666667,0.42833333333333334,0.43666666666666665,0.43666666666666665
0,ap_baseline_efficientnet_b0,Consolidation,Average Precision,,30,207,25,0.5504132231404958,0.6545454545454545,0.8413223140495868,0.9462873004857736,0.7481420730553276,0.14198887451679415,0.5454545454545454,0.07351012139915236,0.03231964032884052,0.07283282697563585,0.0738995960232809,0.14158637884361588,0.05325436659311626,0.5454545454545454,0.1127272727272727,0.3654545454545454,0.3909090909090909,0.3909090909090909
0,ap_baseline_efficientnet_b0,Atelectasis,Average Precision,,24,95,35,0.4491525423728813,0.6934414148857775,0.837442218798151,0.9322033898305084,0.7280598914718295,0.14403158690951143,0.4067796610169492,0.08584815117453351,0.06366028969657134,0.08662427585814314,0.08584815117453351,0.14403158690951143,0.0902723748780553,0.4067796610169492,0.17288135593220338,0.2830508474576271,0.2830508474576271,0.2830508474576271
0,ap_baseline_efficientnet_b0,Pleural abnormality,Average Precision,,7,16,48,0.485645933014354,0.6227272727272727,0.7710545454545454,0.9255857544517336,0.7012533764119765,0.05482985273317247,0.12727272727272726,0.021892054105216597,0.0285997171145686,0.021892054105216597,0.021892054105216597,0.05482985273317247,0.010483401281304601,0.12727272727272726,0.052727272727272734,0.06363636363636363,0.06363636363636363,0.06363636363636363
0,ap_baseline_efficientnet_b0,all,Average Precision,,121,919,150,0.4870230759723865,0.6869484999197818,0.8252224085877222,0.9322751527994824,0.7328672843198432,0.1611536942521287,0.44500550297160474,0.09342355755072045,0.06749667112314987,0.09114600262006163,0.09325173278306695,0.1613444205403482,0.08691621224620373,0.45452931249541423,0.15716934477951428,0.29780255337882455,0.32813779440898083,0.3376616039327903
0,ap_clinical_densenet_3D,Pulmonary edema,Average Precision,3D,15,131,27,0.2857142857142857,0.5052910052910053,0.7115800865800866,0.8461990595611285,0.5871961092866266,0.07214953021294945,0.35714285714285715,0.04519970038438944,0.056794585165712605,0.04567170903141224,0.044883196568121286,0.06992348735236995,0.04723919025728517,0.35714285714285715,0.18095238095238092,0.21428571428571427,0.2261904761904762,0.23809523809523808
0,ap_clinical_densenet_3D,Enlarged cardiac silhouette,Average Precision,3D,32,106,28,0.6833333333333333,0.75,0.912121212121212,0.9235608681975463,0.817253853413023,0.267650610291532,0.5333333333333333,0.21267111145095727,0.1920610137781836,0.21178967381392846,0.21267111145095727,0.267650610291532,0.23468274309516216,0.5333333333333333,0.3716666666666667,0.45166666666666655,0.4583333333333333,0.4583333333333333
0,ap_clinical_densenet_3D,Consolidation,Average Precision,3D,19,49,36,0.509090909090909,0.6804314329738058,0.7382220401474806,0.7686119697590407,0.6740890879928091,0.24212613569049213,0.34545454545454546,0.09162801720583039,0.05696188300148696,0.09173352403442889,0.09162801720583039,0.24212613569049213,0.05923125207257567,0.34545454545454546,0.11999999999999997,0.1909090909090909,0.1909090909090909,0.1909090909090909
0,ap_clinical_densenet_3D,Atelectasis,Average Precision,3D,13,42,46,0.5726392251815982,0.6598870056497175,0.6941148972639124,0.7307188338869726,0.6643399904955501,0.09820908561444379,0.22033898305084745,0.06234226363812852,0.047733887157300085,0.06257930508538236,0.06234226363812852,0.09820908561444379,0.054496699669966994,0.22033898305084745,0.11355932203389832,0.15423728813559323,0.15423728813559323,0.15423728813559323
0,ap_clinical_densenet_3D,Pleural abnormality,Average Precision,3D,5,12,50,0.3764966740576497,0.4841294298921417,0.526040061633282,0.6098613251155625,0.4991318726746589,0.04590459045904591,0.09090909090909091,0.026632663266326632,0.02013201320132013,0.026632663266326632,0.026632663266326632,0.04590459045904591,0.0315031503150315,0.09090909090909091,0.045454545454545456,0.06,0.06,0.06
0,ap_clinical_densenet_3D,all,Average Precision,3D,81,332,190,0.4999742854571403,0.6243778708973531,0.7199292653142034,0.7744740037300912,0.6546888563496971,0.14216762381520429,0.2976476630713919,0.08497161646771165,0.07417216322074392,0.08486302538861613,0.08489867230055483,0.14181657256918018,0.08447641624517598,0.2976476630713919,0.1637811284760437,0.2081585589551691,0.21187284466945486,0.21425379705040723
0,ap_clinical_densenet_1D_3D,Pulmonary edema,Average Precision,1D+3D,24,343,18,0.3571428571428571,0.5238095238095238,0.8095238095238095,0.8809523809523809,0.6428571428571428,0.08106359386722176,0.5714285714285714,0.04710997887722437,0.031375366554222114,0.0539263147734971,0.05291518527515044,0.07436120531381173,0.05570459136723471,0.5714285714285714,0.14999999999999997,0.4023809523809524,0.4404761904761905,0.4404761904761905
0,ap_clinical_densenet_1D_3D,Enlarged cardiac silhouette,Average Precision,1D+3D,33,171,27,0.5166666666666667,0.7333333333333333,0.8293650793650793,0.9142276422764228,0.7483981804103754,0.26091055825464515,0.55,0.194079094367374,0.17873806884131271,0.19021612929655576,0.1941855097684674,0.2607410259653398,0.21839390969069897,0.55,0.34833333333333333,0.4216666666666667,0.44333333333333336,0.44333333333333336
0,ap_clinical_densenet_1D_3D,Consolidation,Average Precision,1D+3D,19,110,36,0.4981818181818181,0.6222222222222222,0.7438016528925621,0.8184170292837822,0.6706556806450962,0.1823510898743953,0.34545454545454546,0.09048728407849632,0.04484637496007665,0.08843074268475336,0.08915148770850204,0.1822951645494213,0.06609152160309313,0.34545454545454546,0.10727272727272726,0.21636363636363637,0.22545454545454544,0.2418181818181818
0,ap_clinical_densenet_1D_3D,Atelectasis,Average Precision,1D+3D,24,81,35,0.480225988700565,0.5988700564971751,0.7362546506821,0.8409633219354997,0.6640785044538349,0.18780962659606973,0.4067796610169492,0.0949550001090395,0.04850849675868389,0.09524973616943705,0.0949550001090395,0.18780962659606973,0.1024783838391186,0.4067796610169492,0.14915254237288136,0.2627118644067797,0.2627118644067797,0.2627118644067797
0,ap_clinical_densenet_1D_3D,Pleural abnormality,Average Precision,1D+3D,12,19,43,0.5032727272727272,0.6222634508348794,0.7320920043811611,0.7748004025494801,0.658107146259562,0.10102857576398033,0.21818181818181817,0.05051405247517151,0.05951618691280893,0.05051405247517151,0.05051405247517151,0.10102857576398033,0.04540798907476955,0.21818181818181817,0.11272727272727272,0.13454545454545455,0.13454545454545455,0.13454545454545455
0,ap_clinical_densenet_1D_3D,all,Average Precision,1D+3D,112,720,159,0.477539975399754,0.6264946322932617,0.768911735432485,0.8453780563897021,0.6795810998788008,0.1615030522371671,0.4175896984371561,0.09305427473954522,0.06790933978224135,0.09362242450982695,0.09377001083139143,0.1607551690507452,0.09758416182862299,0.4209230317704894,0.17229826106097293,0.29343304717880986,0.30703910778487054,0.31037244111820383
0,ap_baseline_densenet,Pulmonary edema,Average Precision,,32,548,10,0.3333333333333333,0.5,0.7380952380952381,0.9047619047619048,0.6190476190476191,0.1514337752472935,0.7380952380952381,0.09316871112961579,0.03357124357471576,0.09206609139927607,0.09320277964827255,0.14980659669211682,0.08497154374338577,0.7619047619047619,0.15714285714285717,0.48571428571428565,0.5452380952380952,0.5714285714285714
0,ap_baseline_densenet,Enlarged cardiac silhouette,Average Precision,,37,235,23,0.5333333333333333,0.6666666666666666,0.8023809523809524,0.9647147147147148,0.7417739167739168,0.2887712332653762,0.6,0.21341140048133794,0.18411639023003337,0.2091860100960997,0.21135242093431644,0.290304022527566,0.2502652529569236,0.6166666666666667,0.3466666666666667,0.485,0.51,0.5233333333333333
0,ap_baseline_densenet,Consolidation,Average Precision,,20,112,35,0.509090909090909,0.6924901185770751,0.797860962566845,0.8881818181818182,0.7219059521041619,0.1344794929510241,0.36363636363636365,0.06914804295306191,0.030442906281578388,0.06939747038097606,0.06914804295306191,0.1344794929510241,0.061035484058098166,0.36363636363636365,0.11454545454545455,0.24363636363636365,0.24363636363636365,0.24363636363636365
0,ap_baseline_densenet,Atelectasis,Average Precision,,24,156,35,0.4788135593220339,0.5322033898305085,0.7819828186672858,0.8446145434663751,0.6594035778215508,0.19583802664429412,0.4067796610169492,0.1088664397252642,0.06498292036572774,0.1068564841881895,0.10851444899568749,0.1957770528049747,0.09546263984588002,0.4067796610169492,0.1423728813559322,0.2593220338983051,0.2813559322033899,0.28474576271186447
0,ap_baseline_densenet,Pleural abnormality,Average Precision,,12,48,43,0.4193181818181818,0.5791443850267379,0.6798701298701298,0.8923793187944131,0.6426780038773656,0.06115548075927669,0.21818181818181817,0.029119659596744923,0.011683168316831683,0.029119659596744923,0.029119659596744923,0.06115548075927669,0.020342276163100182,0.21818181818181817,0.061818181818181814,0.13999999999999999,0.13999999999999999,0.13999999999999999
0,ap_baseline_densenet,all,Average Precision,,126,1091,145,0.4624077490774907,0.5990402129085229,0.7621957694769765,0.8990627434726632,0.6806766187339134,0.16875904302189404,0.47349035145645313,0.10189957786242258,0.06404521957900437,0.09998840283857256,0.10199956777613087,0.1682833403525374,0.1049013805996107,0.4768236847897865,0.1612364810330912,0.32351074913786776,0.35170467385721627,0.35575229290483534
